0.011542 0.009273 0.022505 0.017730 0.007705 0.121401 0.055205 0.006279 0.021862 0.065826
0.009273 0.019035 0.034502 0.059219 0.084886 0.109769 0.132549 0.158168 0.185224 0.214427
0.022505 0.017172 0.020247 0.019411 0.017285 0.015775 0.014416 0.017085 0.017431 0.018103
0.017730 0.023789 0.017633 0.016476 0.021972 0.030457 0.044634 0.058570 0.076123 0.092581
0.007705 0.042492 0.054394 0.062851 0.070978 0.080975 0.094444 0.127672 0.154761 0.179102
0.121401 0.199733 0.225039 0.264759 0.354038 0.446671 0.602878 0.758749 0.914458 1.087055
0.055205 0.090940 0.097821 0.097420 0.080537 0.082424 0.099837 0.121105 0.146512 0.175138
0.006279 0.003207 0.013897 0.015229 0.021156 0.032153 0.048599 0.068134 0.090837 0.115642
0.021862 0.019596 0.019050 0.021176 0.025673 0.029654 0.030986 0.031988 0.033385 0.031250
0.065826 0.090878 0.122560 0.158978 0.199726 0.251867 0.306476 0.364855 0.428420 0.497486
