0.022498 0.012732 0.020742 0.024644 0.007500 0.071535 0.072574 0.003530 0.021327 0.054254
0.012732 0.016954 0.017974 0.013840 0.011351 0.011710 0.016460 0.021799 0.028796 0.037016
0.020742 0.014250 0.015909 0.013449 0.012048 0.012095 0.013299 0.020190 0.024788 0.029782
0.024644 0.035500 0.031233 0.030985 0.028179 0.025066 0.025016 0.024435 0.027296 0.027448
0.007500 0.042390 0.054580 0.063533 0.072396 0.083408 0.098232 0.133449 0.162897 0.190033
0.071535 0.117671 0.113805 0.121168 0.166731 0.212286 0.301496 0.386527 0.467939 0.557228
0.072574 0.121096 0.142436 0.158893 0.159823 0.149472 0.131645 0.117406 0.104645 0.094487
0.003530 0.013409 0.010200 0.018228 0.022997 0.023944 0.020557 0.020656 0.023837 0.028400
0.021327 0.019898 0.019878 0.022474 0.027435 0.031899 0.033758 0.035321 0.037314 0.033694
0.054254 0.071408 0.093701 0.119049 0.146799 0.185581 0.224545 0.264714 0.307916 0.354225
