0.098114 0.065944 0.002653 0.008141 0.079223 0.281013 0.061962 0.019132 0.032848 0.015282
0.065944 0.152037 0.289707 0.498211 0.776431 1.129212 1.557411 2.087372 2.721113 3.470766
0.002653 0.033678 0.068867 0.121201 0.190176 0.276732 0.383375 0.510391 0.662373 0.840643
0.008141 0.004668 0.024765 0.049302 0.084313 0.128819 0.185794 0.253200 0.333737 0.429320
0.079223 0.197096 0.326944 0.497211 0.718955 1.005184 1.372065 1.914312 2.531097 3.242854
0.281013 0.491932 0.657612 0.869952 1.207558 1.589036 2.173700 2.811165 3.500504 4.297975
0.061962 0.146520 0.303108 0.523364 0.804633 1.138442 1.518125 1.972911 2.505973 3.132482
0.019132 0.050183 0.079148 0.136115 0.207050 0.292863 0.393264 0.514018 0.655623 0.823224
0.032848 0.097150 0.164639 0.247249 0.347089 0.464631 0.602489 0.762262 0.944591 1.163615
0.015282 0.031910 0.080677 0.162395 0.283525 0.422584 0.614546 0.867493 1.178892 1.556677
