0.006153 0.010624 0.028890 0.013732 0.010913 0.149628 0.034982 0.003085 0.018242 0.048541
0.010624 0.021336 0.037978 0.064166 0.091576 0.118465 0.143484 0.171672 0.201604 0.234020
0.028890 0.027938 0.036489 0.042055 0.047366 0.054508 0.063084 0.067433 0.076727 0.087790
0.013732 0.016809 0.018827 0.024356 0.036367 0.051798 0.073356 0.095738 0.122502 0.149860
0.010913 0.020432 0.015256 0.021631 0.033857 0.049411 0.067207 0.077645 0.098399 0.127179
0.149628 0.247695 0.291825 0.353150 0.472214 0.597773 0.801462 1.008612 1.219145 1.454150
0.034982 0.054492 0.042098 0.044823 0.074705 0.122343 0.181633 0.246202 0.317200 0.395294
0.003085 0.005482 0.010956 0.008787 0.009816 0.015723 0.026810 0.040542 0.056983 0.074928
0.018242 0.021787 0.025049 0.030723 0.038840 0.046701 0.052346 0.058050 0.064522 0.066011
0.048541 0.061161 0.077663 0.095788 0.114666 0.143913 0.171371 0.197797 0.225253 0.253594
