0.022064 0.004666 0.025048 0.004328 0.024210 0.195315 0.003131 0.000209 0.022276 0.066487
0.004666 0.011075 0.022308 0.041635 0.060815 0.078132 0.092355 0.108057 0.123891 0.140447
0.025048 0.021126 0.025763 0.026549 0.026114 0.026380 0.026872 0.024645 0.023165 0.022026
0.004328 0.004389 0.025258 0.047176 0.075887 0.109701 0.151256 0.196918 0.249435 0.307597
0.024210 0.014144 0.031098 0.056950 0.089310 0.127159 0.170553 0.215217 0.272988 0.342527
0.195315 0.328116 0.407108 0.509806 0.687064 0.878564 1.178611 1.491879 1.817879 2.186156
0.003131 0.007588 0.052188 0.116787 0.205376 0.311690 0.430812 0.563378 0.710733 0.875724
0.000209 0.007682 0.008091 0.012008 0.013144 0.011222 0.014785 0.020851 0.029325 0.038756
0.022276 0.019257 0.018120 0.019610 0.023389 0.026540 0.026894 0.026776 0.026914 0.027613
0.066487 0.094129 0.130353 0.173633 0.223994 0.287705 0.357318 0.434692 0.521167 0.617532
