   2.2498215291057125E-002   6.4485841189312512E-002  0.14048294073876288       0.22051633010054456       0.30160784152762798       0.45233792170868109       0.52518947254469173       0.58243700506149620       0.63993633210290257       0.63163847945668705       0.15825217705277952     
   1.2731669948607081E-002   2.1175838142606623E-002   2.0013725945193829E-002   1.4381575876436746E-003   1.3963634308304495E-003   1.3505988393161932E-002   4.4960311097430081E-002   5.9170500553979724E-002   8.4774511095116550E-002  0.11099660032082836        8.7405322234737071E-002
   2.0742120118535750E-002   7.7586260558167447E-003   1.9225768402184980E-002   6.0692640380808349E-003   6.4433577553540452E-003   1.2332434995179258E-002   2.0523002997439452E-002   6.8424067548826073E-002   6.1573062347206352E-002   7.4728898857328474E-002   8.2030035925503980E-002
   2.4644303287539453E-002   4.6354879571577461E-002   2.2700578188392582E-002   3.0241765463219567E-002   1.6952496320620028E-002   9.5045896619068912E-003   2.4714841736708140E-002   2.0365325860837960E-002   5.0187244846765684E-002   2.8818309478499633E-002  0.13571363208335788     
   7.5001970225528443E-003   7.7279901299097800E-002   7.8958839597294370E-002   9.0391722787568560E-002  0.10784689855289173       0.13847181333250944       0.18717786784213183       0.37996171764048453       0.39848325064486984       0.43425972134608609       0.18147499027339906     
   7.1534653337273740E-002  0.16380758515017060       0.10607290599448553       0.14325770964167836       0.34898127512884081       0.44005992705189045       0.83675954281261267       0.98173991032127805        1.1192406895865528        1.3608289616362825       0.28032489375793440     
   7.2574257841870229E-002  0.16961801850814276       0.18511520137452028       0.20826375555183604       0.16354584896345312        9.7715093952594118E-002   2.4683034811597108E-002   1.7729071290324402E-002   2.5602697230353083E-003   3.0648194131642410E-003  0.44444145463071066     
   3.5303737593734472E-003   2.3287201180253320E-002   3.7825740938326898E-003   4.2310466677990384E-002   4.2073760916589042E-002   2.8682430749190101E-002   2.3262680693546234E-004   2.1347039718186685E-002   4.9289645628943342E-002   6.9462289017363718E-002   6.6292110434544582E-002
   2.1327030748862951E-002   1.8469477781423851E-002   1.9837700342831468E-002   3.0261211922781705E-002   4.7279388101950197E-002   5.4221976610959531E-002   4.4906153755076290E-002   4.6265265501634345E-002   5.3257684512975620E-002   1.1171673431489347E-003  0.17908714354862762     
   5.4254437940180762E-002   8.8561350097270064E-002  0.13828775637628329       0.19509165202629414       0.25780141928766992       0.37948767342025946       0.45833095901685594       0.54589994572463174       0.65352583134474462       0.77101138670268143        1.1504009023912174     
