 2.048778E-01 1.154249E-02 8.916071E-02 1.811434E-01 2.795875E-01 3.813100E-01 5.598227E-01 6.572788E-01 7.389978E-01 8.218662E-01 8.316150E-01
 1.973193E-01 9.273256E-03 2.879767E-02 6.543633E-02 1.333702E-01 1.875549E-01 2.341835E-01 2.692249E-01 3.375037E-01 4.016716E-01 4.772546E-01
 1.025456E-01 2.250497E-02 1.183912E-02 2.639734E-02 1.690071E-02 8.783286E-03 8.224026E-03 6.259458E-03 3.577178E-02 2.019557E-02 2.415464E-02
 8.340449E-02 1.773033E-02 2.984810E-02 5.321777E-03 1.300223E-02 4.395738E-02 7.288156E-02 1.296945E-01 1.561270E-01 2.165448E-01 2.406993E-01
 1.806147E-01 7.704550E-03 7.727857E-02 7.819929E-02 8.822159E-02 1.034874E-01 1.309564E-01 1.752631E-01 3.602691E-01 3.714703E-01 3.981654E-01
 5.676135E-01 1.214009E-01 2.780645E-01 2.756529E-01 3.839170E-01 7.111529E-01 9.098359E-01 1.540125E+00 1.849846E+00 2.160130E+00 2.640425E+00
 3.030412E-01 5.520471E-02 1.266755E-01 1.115823E-01 9.621913E-02 1.300423E-02 9.185656E-02 2.043186E-01 2.699752E-01 3.497708E-01 4.327716E-01
 1.011605E-01 6.279328E-03 1.340803E-04 3.527896E-02 1.922268E-02 4.486508E-02 8.713539E-02 1.472755E-01 2.048849E-01 2.724535E-01 3.388892E-01
 1.715368E-01 2.186201E-02 1.732959E-02 1.795910E-02 2.755191E-02 4.366147E-02 4.955713E-02 3.898107E-02 3.900016E-02 4.456606E-02 1.202959E-02
 1.520930E+00 6.582611E-02 1.159292E-01 1.859239E-01 2.682329E-01 3.627154E-01 5.125768E-01 6.341274E-01 7.735094E-01 9.369429E-01 1.119074E+00
