 3.106054E-01 1.084908E-02 1.420551E-01 2.716336E-01 4.150638E-01 5.686446E-01 8.176455E-01 9.795636E-01 1.126540E+00 1.277792E+00 1.338117E+00
 8.484883E-01 5.563307E-02 1.434490E-01 2.688650E-01 4.402077E-01 6.975294E-01 1.037719E+00 1.456068E+00 1.973189E+00 2.584320E+00 3.306754E+00
 1.751810E-01 7.977441E-03 2.846954E-02 5.514711E-02 1.210486E-01 2.042434E-01 3.031397E-01 4.280500E-01 5.976577E-01 7.704030E-01 9.846189E-01
 1.220546E-01 7.614440E-03 4.375926E-03 5.050867E-02 8.536785E-02 1.491726E-01 2.191675E-01 3.206540E-01 4.084151E-01 5.316432E-01 6.489610E-01
 2.635975E-01 1.182952E-02 9.712196E-02 1.276515E-01 1.852670E-01 2.700112E-01 3.948586E-01 5.730520E-01 9.967268E-01 1.225649E+00 1.522326E+00
 1.357451E+00 2.339835E-01 5.654461E-01 7.424134E-01 1.099014E+00 1.860662E+00 2.489075E+00 4.027310E+00 5.060576E+00 6.167669E+00 7.748354E+00
 1.269560E-01 1.663129E-02 2.606768E-02 6.855744E-02 1.888549E-01 3.826899E-01 6.044521E-01 8.391313E-01 1.085296E+00 1.368085E+00 1.696881E+00
 1.315228E-01 6.857127E-03 3.764708E-03 4.593430E-02 4.209120E-02 8.528482E-02 1.511547E-01 2.407076E-01 3.357787E-01 4.479419E-01 5.693327E-01
 8.951237E-01 5.492109E-03 8.477652E-02 1.433229E-01 2.276053E-01 3.349648E-01 4.544335E-01 5.882145E-01 7.528273E-01 9.440837E-01 1.171263E+00
 1.838725E+00 7.278268E-02 1.368833E-01 2.292470E-01 3.440465E-01 4.833476E-01 6.791451E-01 8.703120E-01 1.098330E+00 1.363046E+00 1.666750E+00
