 3.754742E-01 2.206380E-02 1.718914E-01 3.278347E-01 5.062413E-01 7.036603E-01 1.014828E+00 1.239235E+00 1.453574E+00 1.678796E+00 1.800552E+00
 1.321307E-01 4.666317E-03 1.748445E-02 4.477363E-02 9.961504E-02 1.375361E-01 1.647142E-01 1.776970E-01 2.179690E-01 2.505660E-01 2.894467E-01
 1.297907E-01 2.504791E-02 1.720372E-02 3.503681E-02 2.890851E-02 2.437086E-02 2.771050E-02 2.982290E-02 9.058980E-03 1.132919E-02 1.177365E-02
 1.601314E-01 4.328338E-03 4.448664E-03 6.699690E-02 1.129318E-01 1.907284E-01 2.787693E-01 4.005873E-01 5.165540E-01 6.695718E-01 8.310532E-01
 1.148379E-01 2.420986E-02 4.078988E-03 6.500461E-02 1.345073E-01 2.187473E-01 3.164052E-01 4.309212E-01 5.278655E-01 7.351489E-01 9.683842E-01
 1.060319E+00 1.953149E-01 4.609166E-01 5.650938E-01 8.178985E-01 1.396094E+00 1.836067E+00 2.978892E+00 3.684757E+00 4.425879E+00 5.500645E+00
 2.379276E-01 3.130876E-03 1.204575E-02 1.413882E-01 3.105851E-01 5.597319E-01 8.432607E-01 1.145538E+00 1.491342E+00 1.889570E+00 2.360650E+00
 4.902032E-02 2.094149E-04 1.515420E-02 8.908520E-03 2.376031E-02 1.768983E-02 1.607867E-03 3.616225E-02 6.331673E-02 9.711429E-02 1.236390E-01
 1.635895E-01 2.227574E-02 1.623857E-02 1.584427E-02 2.408120E-02 3.850763E-02 4.229138E-02 2.901978E-02 2.594868E-02 2.801596E-02 3.390882E-02
 1.632799E+00 6.648696E-02 1.217717E-01 2.028007E-01 3.034719E-01 4.254376E-01 6.062624E-01 7.749939E-01 9.763108E-01 1.212967E+00 1.484813E+00
