 9.199055E-01 9.811398E-02 4.033577E-01 8.079464E-01 1.344135E+00 2.017800E+00 3.025478E+00 3.991088E+00 5.033639E+00 6.192128E+00 7.131739E+00
 1.687707E+00 6.594431E-02 2.381303E-01 5.650459E-01 1.123725E+00 1.889309E+00 2.893120E+00 4.126604E+00 5.797095E+00 7.791045E+00 1.021764E+01
 4.297384E-01 2.653266E-03 6.470296E-02 1.392443E-01 2.782050E-01 4.660720E-01 7.095157E-01 1.023234E+00 1.399501E+00 1.878231E+00 2.445066E+00
 1.558827E-01 8.141416E-03 1.194106E-03 6.496073E-02 1.229102E-01 2.243589E-01 3.513476E-01 5.276441E-01 7.250405E-01 9.780322E-01 1.289574E+00
 1.099708E+00 7.922291E-02 3.149684E-01 5.866399E-01 1.008012E+00 1.605931E+00 2.436330E+00 3.573348E+00 5.710045E+00 7.465376E+00 9.648663E+00
 1.765073E+00 2.810130E-01 7.028502E-01 9.889724E-01 1.506973E+00 2.557983E+00 3.496422E+00 5.681684E+00 7.273420E+00 9.015216E+00 1.147522E+01
 1.111073E+00 6.196217E-02 2.310770E-01 6.162840E-01 1.184133E+00 1.929710E+00 2.807484E+00 3.796222E+00 5.156412E+00 6.770473E+00 8.771066E+00
 4.511356E-01 1.913185E-02 8.123356E-02 1.370779E-01 3.070183E-01 4.907898E-01 7.219282E-01 9.956649E-01 1.359300E+00 1.788466E+00 2.331634E+00
 1.837472E+00 3.284809E-02 1.614526E-01 2.996154E-01 4.950784E-01 7.464522E-01 1.052341E+00 1.429632E+00 1.880673E+00 2.403223E+00 3.134839E+00
 1.226256E+00 1.528244E-02 4.853684E-02 1.782110E-01 4.075503E-01 7.680427E-01 1.117881E+00 1.766317E+00 2.638126E+00 3.670080E+00 4.956740E+00
