 2.913296E-01 6.152963E-03 1.318439E-01 2.555824E-01 3.930261E-01 5.407607E-01 7.826207E-01 9.397254E-01 1.083106E+00 1.231658E+00 1.292079E+00
 2.158460E-01 1.062431E-02 3.204678E-02 7.126144E-02 1.427299E-01 2.012194E-01 2.529088E-01 2.935979E-01 3.689842E-01 4.410660E-01 5.257651E-01
 1.863962E-01 2.888985E-02 2.698517E-02 5.359141E-02 5.875286E-02 6.861144E-02 9.021550E-02 1.145414E-01 9.787650E-02 1.510784E-01 1.873543E-01
 7.916354E-02 1.373230E-02 1.988500E-02 2.286440E-02 4.094192E-02 8.441220E-02 1.289506E-01 2.027080E-01 2.524064E-01 3.366148E-01 3.960864E-01
 5.325977E-02 1.091309E-02 2.995037E-02 4.904681E-03 4.075688E-02 8.276078E-02 1.271775E-01 1.739831E-01 1.507171E-01 2.644257E-01 3.861985E-01
 7.461812E-01 1.496283E-01 3.457615E-01 3.800863E-01 5.371251E-01 9.484699E-01 1.225568E+00 2.023597E+00 2.458656E+00 2.903411E+00 3.569201E+00
 1.444899E-01 3.498189E-02 7.400295E-02 1.731042E-02 5.299617E-02 1.942312E-01 3.605345E-01 5.373763E-01 6.981851E-01 8.851771E-01 1.098149E+00
 6.616694E-02 3.084715E-03 7.879056E-03 2.190499E-02 2.279291E-03 1.393184E-02 4.525737E-02 9.333126E-02 1.366646E-01 1.885111E-01 2.364374E-01
 2.347199E-01 1.824248E-02 2.533062E-02 3.157335E-02 4.774538E-02 7.130737E-02 8.600610E-02 8.621511E-02 9.797897E-02 1.163031E-01 7.941154E-02
 9.425034E-01 4.854146E-02 7.378008E-02 1.106672E-01 1.501616E-01 1.901812E-01 2.901447E-01 3.361180E-01 3.827792E-01 4.449067E-01 5.086643E-01
