0.010849 0.076452 0.141513 0.209900 0.281649 0.370982 0.457922 0.541499 0.623310 0.694790
0.055633 0.099541 0.155982 0.227039 0.321137 0.440567 0.585639 0.759083 0.961887 1.196373
0.007977 0.018223 0.030531 0.053161 0.083377 0.120004 0.164011 0.218217 0.279571 0.350076
0.007614 0.005995 0.020833 0.036967 0.059408 0.086034 0.119552 0.155660 0.197435 0.242588
0.011830 0.054476 0.078868 0.105467 0.138376 0.181123 0.237113 0.332065 0.431352 0.540449
0.233984 0.399715 0.513948 0.660214 0.900304 1.165099 1.573986 2.009810 2.471794 2.999450
0.016631 0.021349 0.037085 0.075028 0.136560 0.214542 0.303769 0.401460 0.508863 0.627665
0.006857 0.005311 0.018852 0.024662 0.036786 0.055848 0.082256 0.113947 0.151057 0.192885
0.005492 0.045134 0.077864 0.115299 0.159232 0.208433 0.262687 0.323955 0.392858 0.470698
0.072783 0.104833 0.146304 0.195740 0.253261 0.324242 0.402252 0.489262 0.586349 0.694389
