  1  8.511E-02  5.594E-01  2.939E+01  9
  2  6.979E-01  6.743E-01  5.193E+00 23
  3  6.943E-01  6.717E-01  2.554E+00 24
  4  4.422E-01  1.353E+00  6.515E+00 19
  5  3.291E-01  1.443E+00  4.434E+00 20
  6  3.268E-01  1.498E+00  1.808E+00 21
  7  8.572E-02  1.398E+00  1.280E+01 12
  8  2.293E-01  1.712E+00  8.132E+00 13
  9  4.646E-01  1.681E+00  8.157E+00 18
 10  5.077E-01  1.704E+00  1.981E+00 19
 11  3.098E-01  1.638E+00  2.045E-01 22
 12  3.686E-01  1.656E+00  3.840E+00 23
 13  1.326E-02  2.343E+00  1.956E+00 12
 14  1.076E-01  2.419E+00  1.707E+00 12
 15  1.744E-02  2.700E+00  7.079E-01 14
 16  1.435E-03  3.088E+00  1.282E+00  8
 17  2.765E-02  2.910E+00  1.842E+00 12
 18  2.279E-01  2.772E+00  1.935E+00 20
 19  3.506E-02  3.269E+00  7.147E+00 13
 20  3.532E-02  3.488E+00  7.301E-01 14
 21  5.181E-03  3.814E+00  4.715E+00 11
 22  2.620E-01  2.950E+00  1.506E+00 25
 23  1.853E-01  3.051E+00  1.543E+00 25
 24  1.472E-03  4.944E+00  3.340E+00  7
 25  1.113E-02  4.415E+00  1.375E-01 13
 26  6.732E-03  4.759E+00  2.331E+00 10
 27  2.502E-02  4.724E+00  4.165E-01 13
 28  1.393E-02  4.784E+00  2.841E+00 13
 29  1.821E-03  5.247E+00  1.100E+00  7
 30  1.107E-01  4.248E+00  1.844E+00 23
 31  1.430E-01  4.078E+00  1.283E+00 25
 32  1.074E-01  4.168E+00  5.926E-01 25
 33  1.119E-03  4.909E+00  3.076E+00 10
 34  5.295E-03  4.934E+00  1.274E+00 12
 35  6.306E-04  5.988E+00  1.078E-01  6
 36  7.881E-02  5.077E+00  3.407E+00 18
 37  1.844E-01  4.817E+00  2.233E+00 23
 38  2.017E-01  4.739E+00  5.520E-01 24
 39  1.572E-01  4.710E+00  7.847E-01 25
 40  1.794E-02  5.191E+00  2.433E+00 12
 41  1.892E-02  5.273E+00  6.876E-01 13
 42  1.761E-01  5.155E+00  5.025E+00 19
 43  1.483E-01  4.914E+00  6.448E+00 24
 44  1.142E-01  4.866E+00  4.086E+00 25
 45  1.509E-01  5.466E+00  5.745E+00 12
 46  1.562E-01  4.916E+00  5.119E+00 25
 47  7.398E-02  5.848E+00  4.137E+00  9
 48  2.396E-01  5.176E+00  2.015E+00 23
 49  1.907E-01  4.994E+00  1.270E+00 25
 50  2.616E-03  6.348E+00  5.160E+00  7
 51  2.070E-02  5.950E+00  4.706E+00  9
 52  8.151E-02  5.723E+00  3.793E+00 15
 53  8.924E-01  5.521E+00  2.419E+00 19
 54  4.006E-02  5.256E+00  7.908E+00  9
 55  6.797E-02  5.319E+00  5.223E+00 12
 56  8.367E-03  5.015E+00  8.787E+00  9
 57  1.629E-02  4.782E+00  1.129E+01  8
 58  3.051E-01  5.119E+00  2.438E+00 18
 59  3.417E-02  4.528E+00  5.903E+00 12
 60  5.077E-02  4.683E+00  2.774E-01 14
 61  1.470E-01  4.784E+00  1.055E+00 18
 62  2.160E-01  4.747E+00  2.310E+00 20
 63  9.783E-03  4.563E+00  6.836E+00  9
 64  5.106E-03  5.132E+00  6.556E+00  7
 65  2.205E-02  4.764E+00  5.250E+00 13
 66  1.528E-02  4.891E+00  3.808E+00 13
 67  1.135E-01  4.952E+00  3.493E+00 17
 68  1.673E-01  4.934E+00  1.581E+00 20
 69  2.316E-02  5.525E+00  2.211E+00 12
 70  3.763E-01  4.820E+00  2.145E-01 25
 71  2.639E-02  5.799E+00  4.750E-01 14
