 2.249822E-02 6.448584E-02 1.404829E-01 2.205163E-01 3.016078E-01 4.523379E-01 5.251895E-01 5.824370E-01 6.399363E-01 6.316385E-01 1.582522E-01
 1.273167E-02 2.117584E-02 2.001373E-02 1.438158E-03 1.396363E-03 1.350599E-02 4.496031E-02 5.917050E-02 8.477451E-02 1.109966E-01 8.740532E-02
 2.074212E-02 7.758626E-03 1.922577E-02 6.069264E-03 6.443358E-03 1.233243E-02 2.052300E-02 6.842407E-02 6.157306E-02 7.472890E-02 8.203004E-02
 2.464430E-02 4.635488E-02 2.270058E-02 3.024177E-02 1.695250E-02 9.504590E-03 2.471484E-02 2.036533E-02 5.018724E-02 2.881831E-02 1.357136E-01
 7.500197E-03 7.727990E-02 7.895884E-02 9.039172E-02 1.078469E-01 1.384718E-01 1.871779E-01 3.799617E-01 3.984833E-01 4.342597E-01 1.814750E-01
 7.153465E-02 1.638076E-01 1.060729E-01 1.432577E-01 3.489813E-01 4.400599E-01 8.367595E-01 9.817399E-01 1.119241E+00 1.360829E+00 2.803249E-01
 7.257426E-02 1.696180E-01 1.851152E-01 2.082638E-01 1.635458E-01 9.771509E-02 2.468303E-02 1.772907E-02 2.560270E-03 3.064819E-03 4.444415E-01
 3.530374E-03 2.328720E-02 3.782574E-03 4.231047E-02 4.207376E-02 2.868243E-02 2.326268E-04 2.134704E-02 4.928965E-02 6.946229E-02 6.629211E-02
 2.132703E-02 1.846948E-02 1.983770E-02 3.026121E-02 4.727939E-02 5.422198E-02 4.490615E-02 4.626527E-02 5.325768E-02 1.117167E-03 1.790871E-01
 5.425444E-02 8.856135E-02 1.382878E-01 1.950917E-01 2.578014E-01 3.794877E-01 4.583310E-01 5.458999E-01 6.535258E-01 7.710114E-01 1.150401E+00
