 1.000000E+00  2.977506E-02
 1.029029E+00  3.002236E-02
 1.058058E+00  3.027121E-02
 1.087087E+00  3.052161E-02
 1.116116E+00  3.077355E-02
 1.145145E+00  3.102704E-02
 1.174174E+00  3.128208E-02
 1.203203E+00  3.153867E-02
 1.232232E+00  3.179681E-02
 1.261261E+00  3.205650E-02
 1.290290E+00  3.231774E-02
 1.319319E+00  3.258053E-02
 1.348348E+00  3.284488E-02
 1.377377E+00  3.311077E-02
 1.406406E+00  3.337822E-02
 1.435435E+00  3.364723E-02
 1.464464E+00  3.391779E-02
 1.493493E+00  3.418990E-02
 1.522523E+00  3.446357E-02
 1.551552E+00  3.473879E-02
 1.580581E+00  3.501557E-02
 1.609610E+00  3.529390E-02
 1.638639E+00  3.557380E-02
 1.667668E+00  3.585525E-02
 1.696697E+00  3.613826E-02
 1.725726E+00  3.642282E-02
 1.754755E+00  3.670895E-02
 1.783784E+00  3.699664E-02
 1.812813E+00  3.728589E-02
 1.841842E+00  3.757669E-02
 1.870871E+00  3.786906E-02
 1.899900E+00  3.816300E-02
 1.928929E+00  3.845849E-02
 1.957958E+00  3.875555E-02
 1.986987E+00  3.905417E-02
 2.016016E+00  3.935435E-02
 2.045045E+00  3.965610E-02
 2.074074E+00  3.995941E-02
 2.103103E+00  4.026429E-02
 2.132132E+00  4.057074E-02
 2.161161E+00  4.087875E-02
 2.190190E+00  4.118833E-02
 2.219219E+00  4.149948E-02
 2.248248E+00  4.181219E-02
 2.277277E+00  4.212647E-02
 2.306306E+00  4.244233E-02
 2.335335E+00  4.275975E-02
 2.364364E+00  4.307874E-02
 2.393393E+00  4.339930E-02
 2.422422E+00  4.372144E-02
 2.451451E+00  4.404514E-02
 2.480480E+00  4.437042E-02
 2.509509E+00  4.469727E-02
 2.538539E+00  4.502570E-02
 2.567568E+00  4.535570E-02
 2.596597E+00  4.568727E-02
 2.625626E+00  4.602042E-02
 2.654655E+00  4.635514E-02
 2.683684E+00  4.669144E-02
 2.712713E+00  4.702931E-02
 2.741742E+00  4.736877E-02
 2.770771E+00  4.770980E-02
 2.799800E+00  4.805240E-02
 2.828829E+00  4.839659E-02
 2.857858E+00  4.874236E-02
 2.886887E+00  4.908970E-02
 2.915916E+00  4.943863E-02
 2.944945E+00  4.978913E-02
 2.973974E+00  5.014122E-02
 3.003003E+00  5.049489E-02
 3.032032E+00  5.085014E-02
 3.061061E+00  5.120697E-02
 3.090090E+00  5.156539E-02
 3.119119E+00  5.192539E-02
 3.148148E+00  5.228697E-02
 3.177177E+00  5.265014E-02
 3.206206E+00  5.301489E-02
 3.235235E+00  5.338123E-02
 3.264264E+00  5.374916E-02
 3.293293E+00  5.411867E-02
 3.322322E+00  5.448977E-02
 3.351351E+00  5.486246E-02
 3.380380E+00  5.523674E-02
 3.409409E+00  5.561260E-02
 3.438438E+00  5.599006E-02
 3.467467E+00  5.636910E-02
 3.496496E+00  5.674974E-02
 3.525525E+00  5.713197E-02
 3.554555E+00  5.751578E-02
 3.583584E+00  5.790119E-02
 3.612613E+00  5.828820E-02
 3.641642E+00  5.867679E-02
 3.670671E+00  5.906698E-02
 3.699700E+00  5.945876E-02
 3.728729E+00  5.985214E-02
 3.757758E+00  6.024712E-02
 3.786787E+00  6.064368E-02
 3.815816E+00  6.104185E-02
 3.844845E+00  6.144161E-02
 3.873874E+00  6.184297E-02
 3.902903E+00  6.224593E-02
 3.931932E+00  6.265048E-02
 3.960961E+00  6.305664E-02
 3.989990E+00  6.346439E-02
 4.019019E+00  6.387374E-02
 4.048048E+00  6.428469E-02
 4.077077E+00  6.469725E-02
 4.106106E+00  6.511140E-02
 4.135135E+00  6.552716E-02
 4.164164E+00  6.594452E-02
 4.193193E+00  6.636348E-02
 4.222222E+00  6.678405E-02
 4.251251E+00  6.720622E-02
 4.280280E+00  6.762999E-02
 4.309309E+00  6.805537E-02
 4.338338E+00  6.848236E-02
 4.367367E+00  6.891095E-02
 4.396396E+00  6.934115E-02
 4.425425E+00  6.977295E-02
 4.454454E+00  7.020636E-02
 4.483483E+00  7.064138E-02
 4.512512E+00  7.107801E-02
 4.541541E+00  7.151625E-02
 4.570571E+00  7.195610E-02
 4.599600E+00  7.239756E-02
 4.628629E+00  7.284063E-02
 4.657658E+00  7.328531E-02
 4.686687E+00  7.373160E-02
 4.715716E+00  7.417950E-02
 4.744745E+00  7.462902E-02
 4.773774E+00  7.508015E-02
 4.802803E+00  7.553289E-02
 4.831832E+00  7.598725E-02
 4.860861E+00  7.644322E-02
 4.889890E+00  7.690081E-02
 4.918919E+00  7.736002E-02
 4.947948E+00  7.782084E-02
 4.976977E+00  7.828328E-02
 5.006006E+00  7.874733E-02
 5.035035E+00  7.921301E-02
 5.064064E+00  7.968030E-02
 5.093093E+00  8.014921E-02
 5.122122E+00  8.061974E-02
 5.151151E+00  8.109189E-02
 5.180180E+00  8.156566E-02
 5.209209E+00  8.204106E-02
 5.238238E+00  8.251807E-02
 5.267267E+00  8.299671E-02
 5.296296E+00  8.347696E-02
 5.325325E+00  8.395885E-02
 5.354354E+00  8.444235E-02
 5.383383E+00  8.492748E-02
 5.412412E+00  8.541424E-02
 5.441441E+00  8.590262E-02
 5.470470E+00  8.639262E-02
 5.499499E+00  8.688426E-02
 5.528528E+00  8.737752E-02
 5.557557E+00  8.787240E-02
 5.586587E+00  8.836892E-02
 5.615616E+00  8.886706E-02
 5.644645E+00  8.936683E-02
 5.673674E+00  8.986823E-02
 5.702703E+00  9.037126E-02
 5.731732E+00  9.087592E-02
 5.760761E+00  9.138222E-02
 5.789790E+00  9.189014E-02
 5.818819E+00  9.239970E-02
 5.847848E+00  9.291089E-02
 5.876877E+00  9.342371E-02
 5.905906E+00  9.393816E-02
 5.934935E+00  9.445425E-02
 5.963964E+00  9.497198E-02
 5.992993E+00  9.549133E-02
 6.022022E+00  9.601233E-02
 6.051051E+00  9.653496E-02
 6.080080E+00  9.705923E-02
 6.109109E+00  9.758513E-02
 6.138138E+00  9.811268E-02
 6.167167E+00  9.864186E-02
 6.196196E+00  9.917268E-02
 6.225225E+00  9.970513E-02
 6.254254E+00  1.002392E-01
 6.283283E+00  1.007750E-01
 6.312312E+00  1.013124E-01
 6.341341E+00  1.018514E-01
 6.370370E+00  1.023920E-01
 6.399399E+00  1.029343E-01
 6.428428E+00  1.034783E-01
 6.457457E+00  1.040239E-01
 6.486486E+00  1.045711E-01
 6.515515E+00  1.051200E-01
 6.544544E+00  1.056705E-01
 6.573573E+00  1.062227E-01
 6.602602E+00  1.067765E-01
 6.631632E+00  1.073320E-01
 6.660661E+00  1.078891E-01
 6.689690E+00  1.084478E-01
 6.718719E+00  1.090083E-01
 6.747748E+00  1.095703E-01
 6.776777E+00  1.101340E-01
 6.805806E+00  1.106994E-01
 6.834835E+00  1.112664E-01
 6.863864E+00  1.118350E-01
 6.892893E+00  1.124053E-01
 6.921922E+00  1.129773E-01
 6.950951E+00  1.135509E-01
 6.979980E+00  1.141262E-01
 7.009009E+00  1.147031E-01
 7.038038E+00  1.152817E-01
 7.067067E+00  1.158619E-01
 7.096096E+00  1.164438E-01
 7.125125E+00  1.170273E-01
 7.154154E+00  1.176125E-01
 7.183183E+00  1.181993E-01
 7.212212E+00  1.187878E-01
 7.241241E+00  1.193780E-01
 7.270270E+00  1.199698E-01
 7.299299E+00  1.205633E-01
 7.328328E+00  1.211584E-01
 7.357357E+00  1.217552E-01
 7.386386E+00  1.223537E-01
 7.415415E+00  1.229538E-01
 7.444444E+00  1.235556E-01
 7.473473E+00  1.241590E-01
 7.502502E+00  1.247641E-01
 7.531531E+00  1.253709E-01
 7.560560E+00  1.259793E-01
 7.589589E+00  1.265894E-01
 7.618618E+00  1.272012E-01
 7.647648E+00  1.278146E-01
 7.676677E+00  1.284297E-01
 7.705706E+00  1.290464E-01
 7.734735E+00  1.296648E-01
 7.763764E+00  1.302849E-01
 7.792793E+00  1.309067E-01
 7.821822E+00  1.315301E-01
 7.850851E+00  1.321552E-01
 7.879880E+00  1.327820E-01
 7.908909E+00  1.334104E-01
 7.937938E+00  1.340405E-01
 7.966967E+00  1.346722E-01
 7.995996E+00  1.353057E-01
 8.025025E+00  1.359408E-01
 8.054054E+00  1.365776E-01
 8.083083E+00  1.372160E-01
 8.112112E+00  1.378562E-01
 8.141141E+00  1.384980E-01
 8.170170E+00  1.391414E-01
 8.199199E+00  1.397866E-01
 8.228228E+00  1.404334E-01
 8.257257E+00  1.410819E-01
 8.286286E+00  1.417321E-01
 8.315315E+00  1.423839E-01
 8.344344E+00  1.430375E-01
 8.373373E+00  1.436927E-01
 8.402402E+00  1.443496E-01
 8.431431E+00  1.450081E-01
 8.460460E+00  1.456684E-01
 8.489489E+00  1.463303E-01
 8.518518E+00  1.469939E-01
 8.547547E+00  1.476592E-01
 8.576576E+00  1.483262E-01
 8.605605E+00  1.489948E-01
 8.634634E+00  1.496652E-01
 8.663664E+00  1.503372E-01
 8.692693E+00  1.510109E-01
 8.721722E+00  1.516862E-01
 8.750751E+00  1.523633E-01
 8.779780E+00  1.530421E-01
 8.808809E+00  1.537225E-01
 8.837838E+00  1.544046E-01
 8.866867E+00  1.550884E-01
 8.895896E+00  1.557739E-01
 8.924925E+00  1.564611E-01
 8.953954E+00  1.571500E-01
 8.982983E+00  1.578406E-01
 9.012012E+00  1.585328E-01
 9.041041E+00  1.592267E-01
 9.070070E+00  1.599224E-01
 9.099099E+00  1.606197E-01
 9.128128E+00  1.613187E-01
 9.157157E+00  1.620194E-01
 9.186186E+00  1.627218E-01
 9.215215E+00  1.634259E-01
 9.244244E+00  1.641317E-01
 9.273273E+00  1.648392E-01
 9.302302E+00  1.655483E-01
 9.331331E+00  1.662592E-01
 9.360360E+00  1.669718E-01
 9.389389E+00  1.676860E-01
 9.418418E+00  1.684020E-01
 9.447447E+00  1.691196E-01
 9.476476E+00  1.698390E-01
 9.505505E+00  1.705600E-01
 9.534534E+00  1.712828E-01
 9.563563E+00  1.720072E-01
 9.592592E+00  1.727334E-01
 9.621621E+00  1.734612E-01
 9.650650E+00  1.741907E-01
 9.679680E+00  1.749220E-01
 9.708709E+00  1.756549E-01
 9.737738E+00  1.763896E-01
 9.766767E+00  1.771259E-01
 9.795796E+00  1.778640E-01
 9.824825E+00  1.786037E-01
 9.853854E+00  1.793452E-01
 9.882883E+00  1.800884E-01
 9.911912E+00  1.808333E-01
 9.940941E+00  1.815798E-01
 9.969970E+00  1.823281E-01
 9.998999E+00  1.830781E-01
 1.002803E+01  1.838298E-01
 1.005706E+01  1.845832E-01
 1.008609E+01  1.853383E-01
 1.011511E+01  1.860952E-01
 1.014414E+01  1.868537E-01
 1.017317E+01  1.876139E-01
 1.020220E+01  1.883759E-01
 1.023123E+01  1.891396E-01
 1.026026E+01  1.899049E-01
 1.028929E+01  1.906720E-01
 1.031832E+01  1.914408E-01
 1.034735E+01  1.922113E-01
 1.037638E+01  1.929836E-01
 1.040541E+01  1.937575E-01
 1.043443E+01  1.945332E-01
 1.046346E+01  1.953105E-01
 1.049249E+01  1.960896E-01
 1.052152E+01  1.968704E-01
 1.055055E+01  1.976530E-01
 1.057958E+01  1.984372E-01
 1.060861E+01  1.992231E-01
 1.063764E+01  2.000108E-01
 1.066667E+01  2.008002E-01
 1.069570E+01  2.015913E-01
 1.072472E+01  2.023842E-01
 1.075375E+01  2.031787E-01
 1.078278E+01  2.039750E-01
 1.081181E+01  2.047730E-01
 1.084084E+01  2.055727E-01
 1.086987E+01  2.063741E-01
 1.089890E+01  2.071773E-01
 1.092793E+01  2.079822E-01
 1.095696E+01  2.087888E-01
 1.098599E+01  2.095971E-01
 1.101501E+01  2.104072E-01
 1.104404E+01  2.112190E-01
 1.107307E+01  2.120325E-01
 1.110210E+01  2.128477E-01
 1.113113E+01  2.136647E-01
 1.116016E+01  2.144834E-01
 1.118919E+01  2.153038E-01
 1.121822E+01  2.161259E-01
 1.124725E+01  2.169498E-01
 1.127628E+01  2.177754E-01
 1.130531E+01  2.186028E-01
 1.133433E+01  2.194318E-01
 1.136336E+01  2.202626E-01
 1.139239E+01  2.210952E-01
 1.142142E+01  2.219294E-01
 1.145045E+01  2.227654E-01
 1.147948E+01  2.236032E-01
 1.150851E+01  2.244426E-01
 1.153754E+01  2.252838E-01
 1.156657E+01  2.261268E-01
 1.159560E+01  2.269714E-01
 1.162462E+01  2.278178E-01
 1.165365E+01  2.286660E-01
 1.168268E+01  2.295158E-01
 1.171171E+01  2.303675E-01
 1.174074E+01  2.312208E-01
 1.176977E+01  2.320759E-01
 1.179880E+01  2.329327E-01
 1.182783E+01  2.337913E-01
 1.185686E+01  2.346516E-01
 1.188589E+01  2.355137E-01
 1.191491E+01  2.363775E-01
 1.194394E+01  2.372430E-01
 1.197297E+01  2.381103E-01
 1.200200E+01  2.389793E-01
 1.203103E+01  2.398501E-01
 1.206006E+01  2.407226E-01
 1.208909E+01  2.415968E-01
 1.211812E+01  2.424728E-01
 1.214715E+01  2.433505E-01
 1.217618E+01  2.442300E-01
 1.220520E+01  2.451113E-01
 1.223423E+01  2.459942E-01
 1.226326E+01  2.468790E-01
 1.229229E+01  2.477654E-01
 1.232132E+01  2.486537E-01
 1.235035E+01  2.495436E-01
 1.237938E+01  2.504354E-01
 1.240841E+01  2.513288E-01
 1.243744E+01  2.522241E-01
 1.246647E+01  2.531210E-01
 1.249550E+01  2.540198E-01
 1.252452E+01  2.549202E-01
 1.255355E+01  2.558225E-01
 1.258258E+01  2.567264E-01
 1.261161E+01  2.576322E-01
 1.264064E+01  2.585397E-01
 1.266967E+01  2.594489E-01
 1.269870E+01  2.603599E-01
 1.272773E+01  2.612727E-01
 1.275676E+01  2.621872E-01
 1.278579E+01  2.631034E-01
 1.281481E+01  2.640215E-01
 1.284384E+01  2.649413E-01
 1.287287E+01  2.658628E-01
 1.290190E+01  2.667861E-01
 1.293093E+01  2.677112E-01
 1.295996E+01  2.686380E-01
 1.298899E+01  2.695666E-01
 1.301802E+01  2.704969E-01
 1.304705E+01  2.714290E-01
 1.307608E+01  2.723629E-01
 1.310510E+01  2.732985E-01
 1.313413E+01  2.742359E-01
 1.316316E+01  2.751750E-01
 1.319219E+01  2.761159E-01
 1.322122E+01  2.770586E-01
 1.325025E+01  2.780031E-01
 1.327928E+01  2.789493E-01
 1.330831E+01  2.798973E-01
 1.333734E+01  2.808470E-01
 1.336637E+01  2.817985E-01
 1.339540E+01  2.827518E-01
 1.342442E+01  2.837068E-01
 1.345345E+01  2.846637E-01
 1.348248E+01  2.856222E-01
 1.351151E+01  2.865826E-01
 1.354054E+01  2.875447E-01
 1.356957E+01  2.885086E-01
 1.359860E+01  2.894743E-01
 1.362763E+01  2.904417E-01
 1.365666E+01  2.914109E-01
 1.368569E+01  2.923819E-01
 1.371471E+01  2.933547E-01
 1.374374E+01  2.943292E-01
 1.377277E+01  2.953055E-01
 1.380180E+01  2.962836E-01
 1.383083E+01  2.972635E-01
 1.385986E+01  2.982451E-01
 1.388889E+01  2.992285E-01
 1.391792E+01  3.002137E-01
 1.394695E+01  3.012006E-01
 1.397598E+01  3.021894E-01
 1.400500E+01  3.031799E-01
 1.403403E+01  3.041722E-01
 1.406306E+01  3.051663E-01
 1.409209E+01  3.061621E-01
 1.412112E+01  3.071598E-01
 1.415015E+01  3.081592E-01
 1.417918E+01  3.091604E-01
 1.420821E+01  3.101634E-01
 1.423724E+01  3.111681E-01
 1.426627E+01  3.121747E-01
 1.429530E+01  3.131830E-01
 1.432432E+01  3.141932E-01
 1.435335E+01  3.152051E-01
 1.438238E+01  3.162187E-01
 1.441141E+01  3.172342E-01
 1.444044E+01  3.182515E-01
 1.446947E+01  3.192705E-01
 1.449850E+01  3.202914E-01
 1.452753E+01  3.213140E-01
 1.455656E+01  3.223384E-01
 1.458559E+01  3.233646E-01
 1.461461E+01  3.243926E-01
 1.464364E+01  3.254224E-01
 1.467267E+01  3.264539E-01
 1.470170E+01  3.274873E-01
 1.473073E+01  3.285224E-01
 1.475976E+01  3.295594E-01
 1.478879E+01  3.305981E-01
 1.481782E+01  3.316386E-01
 1.484685E+01  3.326810E-01
 1.487588E+01  3.337251E-01
 1.490490E+01  3.347710E-01
 1.493393E+01  3.358187E-01
 1.496296E+01  3.368682E-01
 1.499199E+01  3.379195E-01
 1.502102E+01  3.389726E-01
 1.505005E+01  3.400275E-01
 1.507908E+01  3.410842E-01
 1.510811E+01  3.421427E-01
 1.513714E+01  3.432030E-01
 1.516617E+01  3.442651E-01
 1.519519E+01  3.453289E-01
 1.522422E+01  3.463946E-01
 1.525325E+01  3.474621E-01
 1.528228E+01  3.485314E-01
 1.531131E+01  3.496025E-01
 1.534034E+01  3.506754E-01
 1.536937E+01  3.517501E-01
 1.539840E+01  3.528266E-01
 1.542743E+01  3.539049E-01
 1.545646E+01  3.549850E-01
 1.548549E+01  3.560669E-01
 1.551451E+01  3.571506E-01
 1.554354E+01  3.582362E-01
 1.557257E+01  3.593235E-01
 1.560160E+01  3.604126E-01
 1.563063E+01  3.615036E-01
 1.565966E+01  3.625963E-01
 1.568869E+01  3.636909E-01
 1.571772E+01  3.647873E-01
 1.574675E+01  3.658855E-01
 1.577578E+01  3.669854E-01
 1.580480E+01  3.680873E-01
 1.583383E+01  3.691909E-01
 1.586286E+01  3.702963E-01
 1.589189E+01  3.714035E-01
 1.592092E+01  3.725126E-01
 1.594995E+01  3.736235E-01
 1.597898E+01  3.747361E-01
 1.600801E+01  3.758506E-01
 1.603704E+01  3.769669E-01
 1.606607E+01  3.780851E-01
 1.609509E+01  3.792050E-01
 1.612412E+01  3.803268E-01
 1.615315E+01  3.814503E-01
 1.618218E+01  3.825757E-01
 1.621121E+01  3.837029E-01
 1.624024E+01  3.848320E-01
 1.626927E+01  3.859628E-01
 1.629830E+01  3.870955E-01
 1.632733E+01  3.882300E-01
 1.635636E+01  3.893663E-01
 1.638539E+01  3.905044E-01
 1.641441E+01  3.916443E-01
 1.644344E+01  3.927861E-01
 1.647247E+01  3.939297E-01
 1.650150E+01  3.950751E-01
 1.653053E+01  3.962224E-01
 1.655956E+01  3.973714E-01
 1.658859E+01  3.985223E-01
 1.661762E+01  3.996750E-01
 1.664665E+01  4.008296E-01
 1.667568E+01  4.019859E-01
 1.670470E+01  4.031441E-01
 1.673373E+01  4.043042E-01
 1.676276E+01  4.054660E-01
 1.679179E+01  4.066297E-01
 1.682082E+01  4.077952E-01
 1.684985E+01  4.089625E-01
 1.687888E+01  4.101317E-01
 1.690791E+01  4.113027E-01
 1.693694E+01  4.124755E-01
 1.696597E+01  4.136502E-01
 1.699499E+01  4.148267E-01
 1.702402E+01  4.160050E-01
 1.705305E+01  4.171852E-01
 1.708208E+01  4.183672E-01
 1.711111E+01  4.195510E-01
 1.714014E+01  4.207366E-01
 1.716917E+01  4.219241E-01
 1.719820E+01  4.231135E-01
 1.722723E+01  4.243046E-01
 1.725626E+01  4.254976E-01
 1.728528E+01  4.266925E-01
 1.731431E+01  4.278892E-01
 1.734334E+01  4.290877E-01
 1.737237E+01  4.302880E-01
 1.740140E+01  4.314902E-01
 1.743043E+01  4.326943E-01
 1.745946E+01  4.339001E-01
 1.748849E+01  4.351079E-01
 1.751752E+01  4.363174E-01
 1.754655E+01  4.375288E-01
 1.757558E+01  4.387421E-01
 1.760460E+01  4.399571E-01
 1.763363E+01  4.411741E-01
 1.766266E+01  4.423928E-01
 1.769169E+01  4.436135E-01
 1.772072E+01  4.448359E-01
 1.774975E+01  4.460602E-01
 1.777878E+01  4.472864E-01
 1.780781E+01  4.485144E-01
 1.783684E+01  4.497442E-01
 1.786587E+01  4.509759E-01
 1.789489E+01  4.522095E-01
 1.792392E+01  4.534449E-01
 1.795295E+01  4.546821E-01
 1.798198E+01  4.559212E-01
 1.801101E+01  4.571621E-01
 1.804004E+01  4.584049E-01
 1.806907E+01  4.596496E-01
 1.809810E+01  4.608961E-01
 1.812713E+01  4.621444E-01
 1.815616E+01  4.633946E-01
 1.818518E+01  4.646467E-01
 1.821421E+01  4.659006E-01
 1.824324E+01  4.671563E-01
 1.827227E+01  4.684139E-01
 1.830130E+01  4.696734E-01
 1.833033E+01  4.709347E-01
 1.835936E+01  4.721979E-01
 1.838839E+01  4.734630E-01
 1.841742E+01  4.747299E-01
 1.844645E+01  4.759986E-01
 1.847548E+01  4.772692E-01
 1.850450E+01  4.785417E-01
 1.853353E+01  4.798161E-01
 1.856256E+01  4.810923E-01
 1.859159E+01  4.823703E-01
 1.862062E+01  4.836502E-01
 1.864965E+01  4.849320E-01
 1.867868E+01  4.862156E-01
 1.870771E+01  4.875011E-01
 1.873674E+01  4.887885E-01
 1.876577E+01  4.900777E-01
 1.879479E+01  4.913688E-01
 1.882382E+01  4.926618E-01
 1.885285E+01  4.939566E-01
 1.888188E+01  4.952533E-01
 1.891091E+01  4.965519E-01
 1.893994E+01  4.978523E-01
 1.896897E+01  4.991546E-01
 1.899800E+01  5.004587E-01
 1.902703E+01  5.017648E-01
 1.905606E+01  5.030727E-01
 1.908508E+01  5.043824E-01
 1.911411E+01  5.056941E-01
 1.914314E+01  5.070076E-01
 1.917217E+01  5.083229E-01
 1.920120E+01  5.096402E-01
 1.923023E+01  5.109593E-01
 1.925926E+01  5.122803E-01
 1.928829E+01  5.136032E-01
 1.931732E+01  5.149279E-01
 1.934635E+01  5.162545E-01
 1.937538E+01  5.175830E-01
 1.940440E+01  5.189134E-01
 1.943343E+01  5.202456E-01
 1.946246E+01  5.215797E-01
 1.949149E+01  5.229157E-01
 1.952052E+01  5.242536E-01
 1.954955E+01  5.255933E-01
 1.957858E+01  5.269350E-01
 1.960761E+01  5.282785E-01
 1.963664E+01  5.296239E-01
 1.966567E+01  5.309711E-01
 1.969469E+01  5.323203E-01
 1.972372E+01  5.336713E-01
 1.975275E+01  5.350242E-01
 1.978178E+01  5.363790E-01
 1.981081E+01  5.377357E-01
 1.983984E+01  5.390942E-01
 1.986887E+01  5.404546E-01
 1.989790E+01  5.418170E-01
 1.992693E+01  5.431812E-01
 1.995596E+01  5.445473E-01
 1.998498E+01  5.459152E-01
 2.001401E+01  5.472851E-01
 2.004304E+01  5.486568E-01
 2.007207E+01  5.500305E-01
 2.010110E+01  5.514060E-01
 2.013013E+01  5.527834E-01
 2.015916E+01  5.541627E-01
 2.018819E+01  5.555439E-01
 2.021722E+01  5.569270E-01
 2.024625E+01  5.583120E-01
 2.027527E+01  5.596988E-01
 2.030430E+01  5.610876E-01
 2.033333E+01  5.624782E-01
 2.036236E+01  5.638708E-01
 2.039139E+01  5.652652E-01
 2.042042E+01  5.666615E-01
 2.044945E+01  5.680597E-01
 2.047848E+01  5.694598E-01
 2.050751E+01  5.708618E-01
 2.053654E+01  5.722657E-01
 2.056557E+01  5.736715E-01
 2.059459E+01  5.750792E-01
 2.062362E+01  5.764888E-01
 2.065265E+01  5.779003E-01
 2.068168E+01  5.793137E-01
 2.071071E+01  5.807290E-01
 2.073974E+01  5.821462E-01
 2.076877E+01  5.835652E-01
 2.079780E+01  5.849862E-01
 2.082683E+01  5.864091E-01
 2.085586E+01  5.878339E-01
 2.088488E+01  5.892606E-01
 2.091391E+01  5.906892E-01
 2.094294E+01  5.921197E-01
 2.097197E+01  5.935521E-01
 2.100100E+01  5.949864E-01
 2.103003E+01  5.964226E-01
 2.105906E+01  5.978607E-01
 2.108809E+01  5.993007E-01
 2.111712E+01  6.007426E-01
 2.114615E+01  6.021864E-01
 2.117517E+01  6.036322E-01
 2.120420E+01  6.050798E-01
 2.123323E+01  6.065293E-01
 2.126226E+01  6.079808E-01
 2.129129E+01  6.094342E-01
 2.132032E+01  6.108894E-01
 2.134935E+01  6.123466E-01
 2.137838E+01  6.138057E-01
 2.140741E+01  6.152667E-01
 2.143644E+01  6.167296E-01
 2.146547E+01  6.181945E-01
 2.149449E+01  6.196612E-01
 2.152352E+01  6.211299E-01
 2.155255E+01  6.226004E-01
 2.158158E+01  6.240729E-01
 2.161061E+01  6.255473E-01
 2.163964E+01  6.270236E-01
 2.166867E+01  6.285018E-01
 2.169770E+01  6.299820E-01
 2.172673E+01  6.314641E-01
 2.175576E+01  6.329480E-01
 2.178478E+01  6.344339E-01
 2.181381E+01  6.359217E-01
 2.184284E+01  6.374115E-01
 2.187187E+01  6.389031E-01
 2.190090E+01  6.403967E-01
 2.192993E+01  6.418922E-01
 2.195896E+01  6.433896E-01
 2.198799E+01  6.448889E-01
 2.201702E+01  6.463902E-01
 2.204605E+01  6.478934E-01
 2.207507E+01  6.493985E-01
 2.210410E+01  6.509055E-01
 2.213313E+01  6.524145E-01
 2.216216E+01  6.539253E-01
 2.219119E+01  6.554381E-01
 2.222022E+01  6.569529E-01
 2.224925E+01  6.584695E-01
 2.227828E+01  6.599881E-01
 2.230731E+01  6.615086E-01
 2.233634E+01  6.630310E-01
 2.236536E+01  6.645554E-01
 2.239439E+01  6.660817E-01
 2.242342E+01  6.676099E-01
 2.245245E+01  6.691400E-01
 2.248148E+01  6.706721E-01
 2.251051E+01  6.722061E-01
 2.253954E+01  6.737421E-01
 2.256857E+01  6.752799E-01
 2.259760E+01  6.768198E-01
 2.262663E+01  6.783615E-01
 2.265566E+01  6.799052E-01
 2.268468E+01  6.814508E-01
 2.271371E+01  6.829983E-01
 2.274274E+01  6.845478E-01
 2.277177E+01  6.860992E-01
 2.280080E+01  6.876525E-01
 2.282983E+01  6.892078E-01
 2.285886E+01  6.907650E-01
 2.288789E+01  6.923242E-01
 2.291692E+01  6.938853E-01
 2.294595E+01  6.954483E-01
 2.297497E+01  6.970133E-01
 2.300400E+01  6.985802E-01
 2.303303E+01  7.001491E-01
 2.306206E+01  7.017199E-01
 2.309109E+01  7.032926E-01
 2.312012E+01  7.048673E-01
 2.314915E+01  7.064439E-01
 2.317818E+01  7.080224E-01
 2.320721E+01  7.096029E-01
 2.323624E+01  7.111854E-01
 2.326526E+01  7.127698E-01
 2.329429E+01  7.143561E-01
 2.332332E+01  7.159444E-01
 2.335235E+01  7.175346E-01
 2.338138E+01  7.191268E-01
 2.341041E+01  7.207209E-01
 2.343944E+01  7.223170E-01
 2.346847E+01  7.239150E-01
 2.349750E+01  7.255150E-01
 2.352653E+01  7.271169E-01
 2.355556E+01  7.287208E-01
 2.358458E+01  7.303266E-01
 2.361361E+01  7.319343E-01
 2.364264E+01  7.335440E-01
 2.367167E+01  7.351557E-01
 2.370070E+01  7.367693E-01
 2.372973E+01  7.383849E-01
 2.375876E+01  7.400024E-01
 2.378779E+01  7.416219E-01
 2.381682E+01  7.432433E-01
 2.384585E+01  7.448667E-01
 2.387487E+01  7.464921E-01
 2.390390E+01  7.481194E-01
 2.393293E+01  7.497486E-01
 2.396196E+01  7.513798E-01
 2.399099E+01  7.530130E-01
 2.402002E+01  7.546481E-01
 2.404905E+01  7.562852E-01
 2.407808E+01  7.579242E-01
 2.410711E+01  7.595653E-01
 2.413614E+01  7.612082E-01
 2.416516E+01  7.628531E-01
 2.419419E+01  7.645000E-01
 2.422322E+01  7.661489E-01
 2.425225E+01  7.677997E-01
 2.428128E+01  7.694524E-01
 2.431031E+01  7.711072E-01
 2.433934E+01  7.727639E-01
 2.436837E+01  7.744225E-01
 2.439740E+01  7.760831E-01
 2.442643E+01  7.777457E-01
 2.445546E+01  7.794103E-01
 2.448448E+01  7.810768E-01
 2.451351E+01  7.827453E-01
 2.454254E+01  7.844158E-01
 2.457157E+01  7.860882E-01
 2.460060E+01  7.877626E-01
 2.462963E+01  7.894389E-01
 2.465866E+01  7.911173E-01
 2.468769E+01  7.927976E-01
 2.471672E+01  7.944798E-01
 2.474575E+01  7.961641E-01
 2.477477E+01  7.978503E-01
 2.480380E+01  7.995385E-01
 2.483283E+01  8.012286E-01
 2.486186E+01  8.029207E-01
 2.489089E+01  8.046148E-01
 2.491992E+01  8.063109E-01
 2.494895E+01  8.080090E-01
 2.497798E+01  8.097090E-01
 2.500701E+01  8.114110E-01
 2.503604E+01  8.131150E-01
 2.506506E+01  8.148209E-01
 2.509409E+01  8.165288E-01
 2.512312E+01  8.182387E-01
 2.515215E+01  8.199506E-01
 2.518118E+01  8.216645E-01
 2.521021E+01  8.233803E-01
 2.523924E+01  8.250982E-01
 2.526827E+01  8.268180E-01
 2.529730E+01  8.285397E-01
 2.532633E+01  8.302635E-01
 2.535535E+01  8.319892E-01
 2.538438E+01  8.337170E-01
 2.541341E+01  8.354467E-01
 2.544244E+01  8.371784E-01
 2.547147E+01  8.389121E-01
 2.550050E+01  8.406477E-01
 2.552953E+01  8.423854E-01
 2.555856E+01  8.441250E-01
 2.558759E+01  8.458666E-01
 2.561662E+01  8.476102E-01
 2.564565E+01  8.493558E-01
 2.567467E+01  8.511034E-01
 2.570370E+01  8.528530E-01
 2.573273E+01  8.546045E-01
 2.576176E+01  8.563581E-01
 2.579079E+01  8.581136E-01
 2.581982E+01  8.598711E-01
 2.584885E+01  8.616306E-01
 2.587788E+01  8.633921E-01
 2.590691E+01  8.651556E-01
 2.593594E+01  8.669211E-01
 2.596496E+01  8.686886E-01
 2.599399E+01  8.704581E-01
 2.602302E+01  8.722295E-01
 2.605205E+01  8.740030E-01
 2.608108E+01  8.757784E-01
 2.611011E+01  8.775559E-01
 2.613914E+01  8.793353E-01
 2.616817E+01  8.811168E-01
 2.619720E+01  8.829002E-01
 2.622623E+01  8.846857E-01
 2.625525E+01  8.864731E-01
 2.628428E+01  8.882625E-01
 2.631331E+01  8.900540E-01
 2.634234E+01  8.918474E-01
 2.637137E+01  8.936428E-01
 2.640040E+01  8.954403E-01
 2.642943E+01  8.972397E-01
 2.645846E+01  8.990411E-01
 2.648749E+01  9.008446E-01
 2.651652E+01  9.026500E-01
 2.654555E+01  9.044574E-01
 2.657457E+01  9.062669E-01
 2.660360E+01  9.080783E-01
 2.663263E+01  9.098918E-01
 2.666166E+01  9.117073E-01
 2.669069E+01  9.135247E-01
 2.671972E+01  9.153442E-01
 2.674875E+01  9.171657E-01
 2.677778E+01  9.189892E-01
 2.680681E+01  9.208146E-01
 2.683584E+01  9.226421E-01
 2.686486E+01  9.244717E-01
 2.689389E+01  9.263032E-01
 2.692292E+01  9.281367E-01
 2.695195E+01  9.299722E-01
 2.698098E+01  9.318098E-01
 2.701001E+01  9.336493E-01
 2.703904E+01  9.354909E-01
 2.706807E+01  9.373345E-01
 2.709710E+01  9.391801E-01
 2.712613E+01  9.410277E-01
 2.715515E+01  9.428773E-01
 2.718418E+01  9.447290E-01
 2.721321E+01  9.465826E-01
 2.724224E+01  9.484383E-01
 2.727127E+01  9.502960E-01
 2.730030E+01  9.521557E-01
 2.732933E+01  9.540174E-01
 2.735836E+01  9.558811E-01
 2.738739E+01  9.577469E-01
 2.741642E+01  9.596147E-01
 2.744544E+01  9.614845E-01
 2.747447E+01  9.633563E-01
 2.750350E+01  9.652301E-01
 2.753253E+01  9.671060E-01
 2.756156E+01  9.689838E-01
 2.759059E+01  9.708637E-01
 2.761962E+01  9.727456E-01
 2.764865E+01  9.746296E-01
 2.767768E+01  9.765155E-01
 2.770671E+01  9.784035E-01
 2.773574E+01  9.802935E-01
 2.776476E+01  9.821856E-01
 2.779379E+01  9.840796E-01
 2.782282E+01  9.859757E-01
 2.785185E+01  9.878738E-01
 2.788088E+01  9.897740E-01
 2.790991E+01  9.916762E-01
 2.793894E+01  9.935803E-01
 2.796797E+01  9.954866E-01
 2.799700E+01  9.973948E-01
 2.802603E+01  9.993051E-01
 2.805505E+01  1.001217E+00
 2.808408E+01  1.003132E+00
 2.811311E+01  1.005048E+00
 2.814214E+01  1.006967E+00
 2.817117E+01  1.008887E+00
 2.820020E+01  1.010809E+00
 2.822923E+01  1.012734E+00
 2.825826E+01  1.014660E+00
 2.828729E+01  1.016589E+00
 2.831632E+01  1.018520E+00
 2.834534E+01  1.020452E+00
 2.837437E+01  1.022387E+00
 2.840340E+01  1.024324E+00
 2.843243E+01  1.026262E+00
 2.846146E+01  1.028203E+00
 2.849049E+01  1.030146E+00
 2.851952E+01  1.032091E+00
 2.854855E+01  1.034038E+00
 2.857758E+01  1.035987E+00
 2.860661E+01  1.037938E+00
 2.863564E+01  1.039891E+00
 2.866466E+01  1.041846E+00
 2.869369E+01  1.043803E+00
 2.872272E+01  1.045762E+00
 2.875175E+01  1.047723E+00
 2.878078E+01  1.049687E+00
 2.880981E+01  1.051652E+00
 2.883884E+01  1.053619E+00
 2.886787E+01  1.055588E+00
 2.889690E+01  1.057560E+00
 2.892593E+01  1.059533E+00
 2.895495E+01  1.061509E+00
 2.898398E+01  1.063486E+00
 2.901301E+01  1.065466E+00
 2.904204E+01  1.067448E+00
 2.907107E+01  1.069431E+00
 2.910010E+01  1.071417E+00
 2.912913E+01  1.073405E+00
 2.915816E+01  1.075395E+00
 2.918719E+01  1.077387E+00
 2.921622E+01  1.079381E+00
 2.924524E+01  1.081376E+00
 2.927427E+01  1.083375E+00
 2.930330E+01  1.085375E+00
 2.933233E+01  1.087377E+00
 2.936136E+01  1.089381E+00
 2.939039E+01  1.091387E+00
 2.941942E+01  1.093396E+00
 2.944845E+01  1.095406E+00
 2.947748E+01  1.097418E+00
 2.950651E+01  1.099433E+00
 2.953554E+01  1.101449E+00
 2.956456E+01  1.103468E+00
 2.959359E+01  1.105489E+00
 2.962262E+01  1.107511E+00
 2.965165E+01  1.109536E+00
 2.968068E+01  1.111563E+00
 2.970971E+01  1.113592E+00
 2.973874E+01  1.115623E+00
 2.976777E+01  1.117656E+00
 2.979680E+01  1.119691E+00
 2.982583E+01  1.121728E+00
 2.985485E+01  1.123767E+00
 2.988388E+01  1.125808E+00
 2.991291E+01  1.127852E+00
 2.994194E+01  1.129897E+00
 2.997097E+01  1.131944E+00
 3.000000E+01  1.133994E+00
