 1.000000E+00  4.410284E+00
 1.024024E+00  4.413142E+00
 1.048048E+00  4.415986E+00
 1.072072E+00  4.418818E+00
 1.096096E+00  4.421636E+00
 1.120120E+00  4.424441E+00
 1.144144E+00  4.427232E+00
 1.168168E+00  4.430011E+00
 1.192192E+00  4.432776E+00
 1.216216E+00  4.435528E+00
 1.240240E+00  4.438267E+00
 1.264264E+00  4.440993E+00
 1.288288E+00  4.443706E+00
 1.312312E+00  4.446405E+00
 1.336336E+00  4.449092E+00
 1.360360E+00  4.451766E+00
 1.384384E+00  4.454427E+00
 1.408408E+00  4.457074E+00
 1.432432E+00  4.459709E+00
 1.456456E+00  4.462331E+00
 1.480480E+00  4.464940E+00
 1.504505E+00  4.467536E+00
 1.528529E+00  4.470120E+00
 1.552553E+00  4.472690E+00
 1.576577E+00  4.475248E+00
 1.600601E+00  4.477793E+00
 1.624625E+00  4.480325E+00
 1.648649E+00  4.482845E+00
 1.672673E+00  4.485352E+00
 1.696697E+00  4.487846E+00
 1.720721E+00  4.490328E+00
 1.744745E+00  4.492797E+00
 1.768769E+00  4.495253E+00
 1.792793E+00  4.497697E+00
 1.816817E+00  4.500128E+00
 1.840841E+00  4.502547E+00
 1.864865E+00  4.504953E+00
 1.888889E+00  4.507347E+00
 1.912913E+00  4.509728E+00
 1.936937E+00  4.512097E+00
 1.960961E+00  4.514454E+00
 1.984985E+00  4.516798E+00
 2.009009E+00  4.519130E+00
 2.033033E+00  4.521450E+00
 2.057057E+00  4.523757E+00
 2.081081E+00  4.526052E+00
 2.105105E+00  4.528335E+00
 2.129129E+00  4.530605E+00
 2.153153E+00  4.532864E+00
 2.177177E+00  4.535110E+00
 2.201201E+00  4.537344E+00
 2.225225E+00  4.539566E+00
 2.249249E+00  4.541776E+00
 2.273273E+00  4.543974E+00
 2.297297E+00  4.546159E+00
 2.321321E+00  4.548333E+00
 2.345345E+00  4.550495E+00
 2.369369E+00  4.552645E+00
 2.393393E+00  4.554783E+00
 2.417417E+00  4.556909E+00
 2.441441E+00  4.559023E+00
 2.465466E+00  4.561125E+00
 2.489490E+00  4.563215E+00
 2.513514E+00  4.565293E+00
 2.537538E+00  4.567360E+00
 2.561562E+00  4.569415E+00
 2.585586E+00  4.571458E+00
 2.609610E+00  4.573490E+00
 2.633634E+00  4.575509E+00
 2.657658E+00  4.577518E+00
 2.681682E+00  4.579514E+00
 2.705706E+00  4.581499E+00
 2.729730E+00  4.583472E+00
 2.753754E+00  4.585434E+00
 2.777778E+00  4.587384E+00
 2.801802E+00  4.589322E+00
 2.825826E+00  4.591249E+00
 2.849850E+00  4.593165E+00
 2.873874E+00  4.595069E+00
 2.897898E+00  4.596962E+00
 2.921922E+00  4.598843E+00
 2.945946E+00  4.600713E+00
 2.969970E+00  4.602572E+00
 2.993994E+00  4.604419E+00
 3.018018E+00  4.606255E+00
 3.042042E+00  4.608080E+00
 3.066066E+00  4.609893E+00
 3.090090E+00  4.611695E+00
 3.114114E+00  4.613486E+00
 3.138138E+00  4.615266E+00
 3.162162E+00  4.617035E+00
 3.186186E+00  4.618792E+00
 3.210210E+00  4.620539E+00
 3.234234E+00  4.622274E+00
 3.258258E+00  4.623998E+00
 3.282282E+00  4.625711E+00
 3.306306E+00  4.627414E+00
 3.330330E+00  4.629105E+00
 3.354354E+00  4.630785E+00
 3.378378E+00  4.632455E+00
 3.402402E+00  4.634113E+00
 3.426426E+00  4.635761E+00
 3.450451E+00  4.637397E+00
 3.474475E+00  4.639023E+00
 3.498499E+00  4.640638E+00
 3.522523E+00  4.642243E+00
 3.546547E+00  4.643836E+00
 3.570571E+00  4.645419E+00
 3.594595E+00  4.646991E+00
 3.618619E+00  4.648553E+00
 3.642643E+00  4.650103E+00
 3.666667E+00  4.651644E+00
 3.690691E+00  4.653173E+00
 3.714715E+00  4.654692E+00
 3.738739E+00  4.656200E+00
 3.762763E+00  4.657698E+00
 3.786787E+00  4.659185E+00
 3.810811E+00  4.660662E+00
 3.834835E+00  4.662129E+00
 3.858859E+00  4.663585E+00
 3.882883E+00  4.665030E+00
 3.906907E+00  4.666465E+00
 3.930931E+00  4.667890E+00
 3.954955E+00  4.669304E+00
 3.978979E+00  4.670708E+00
 4.003003E+00  4.672102E+00
 4.027027E+00  4.673486E+00
 4.051051E+00  4.674859E+00
 4.075075E+00  4.676222E+00
 4.099099E+00  4.677575E+00
 4.123123E+00  4.678918E+00
 4.147147E+00  4.680250E+00
 4.171171E+00  4.681573E+00
 4.195195E+00  4.682885E+00
 4.219219E+00  4.684187E+00
 4.243243E+00  4.685480E+00
 4.267267E+00  4.686762E+00
 4.291291E+00  4.688034E+00
 4.315315E+00  4.689296E+00
 4.339339E+00  4.690549E+00
 4.363363E+00  4.691791E+00
 4.387387E+00  4.693024E+00
 4.411411E+00  4.694246E+00
 4.435436E+00  4.695459E+00
 4.459460E+00  4.696662E+00
 4.483484E+00  4.697855E+00
 4.507508E+00  4.699039E+00
 4.531532E+00  4.700212E+00
 4.555556E+00  4.701376E+00
 4.579580E+00  4.702530E+00
 4.603604E+00  4.703675E+00
 4.627628E+00  4.704810E+00
 4.651652E+00  4.705935E+00
 4.675676E+00  4.707051E+00
 4.699700E+00  4.708157E+00
 4.723724E+00  4.709253E+00
 4.747748E+00  4.710341E+00
 4.771772E+00  4.711418E+00
 4.795796E+00  4.712486E+00
 4.819820E+00  4.713545E+00
 4.843844E+00  4.714594E+00
 4.867868E+00  4.715634E+00
 4.891892E+00  4.716664E+00
 4.915916E+00  4.717685E+00
 4.939940E+00  4.718697E+00
 4.963964E+00  4.719699E+00
 4.987988E+00  4.720692E+00
 5.012012E+00  4.721676E+00
 5.036036E+00  4.722651E+00
 5.060060E+00  4.723616E+00
 5.084084E+00  4.724573E+00
 5.108108E+00  4.725520E+00
 5.132132E+00  4.726458E+00
 5.156156E+00  4.727386E+00
 5.180180E+00  4.728306E+00
 5.204204E+00  4.729217E+00
 5.228228E+00  4.730119E+00
 5.252252E+00  4.731011E+00
 5.276276E+00  4.731895E+00
 5.300300E+00  4.732770E+00
 5.324324E+00  4.733636E+00
 5.348348E+00  4.734493E+00
 5.372372E+00  4.735341E+00
 5.396397E+00  4.736180E+00
 5.420421E+00  4.737010E+00
 5.444445E+00  4.737832E+00
 5.468469E+00  4.738644E+00
 5.492493E+00  4.739448E+00
 5.516517E+00  4.740243E+00
 5.540541E+00  4.741030E+00
 5.564565E+00  4.741808E+00
 5.588589E+00  4.742577E+00
 5.612613E+00  4.743338E+00
 5.636637E+00  4.744089E+00
 5.660661E+00  4.744833E+00
 5.684685E+00  4.745568E+00
 5.708709E+00  4.746294E+00
 5.732733E+00  4.747011E+00
 5.756757E+00  4.747721E+00
 5.780781E+00  4.748421E+00
 5.804805E+00  4.749114E+00
 5.828829E+00  4.749798E+00
 5.852853E+00  4.750473E+00
 5.876877E+00  4.751140E+00
 5.900901E+00  4.751799E+00
 5.924925E+00  4.752450E+00
 5.948949E+00  4.753092E+00
 5.972973E+00  4.753726E+00
 5.996997E+00  4.754351E+00
 6.021021E+00  4.754969E+00
 6.045045E+00  4.755578E+00
 6.069069E+00  4.756179E+00
 6.093093E+00  4.756772E+00
 6.117117E+00  4.757357E+00
 6.141141E+00  4.757934E+00
 6.165165E+00  4.758503E+00
 6.189189E+00  4.759063E+00
 6.213213E+00  4.759616E+00
 6.237237E+00  4.760160E+00
 6.261261E+00  4.760697E+00
 6.285285E+00  4.761226E+00
 6.309309E+00  4.761747E+00
 6.333333E+00  4.762259E+00
 6.357357E+00  4.762764E+00
 6.381382E+00  4.763262E+00
 6.405406E+00  4.763751E+00
 6.429430E+00  4.764232E+00
 6.453454E+00  4.764706E+00
 6.477478E+00  4.765172E+00
 6.501502E+00  4.765631E+00
 6.525526E+00  4.766081E+00
 6.549550E+00  4.766524E+00
 6.573574E+00  4.766959E+00
 6.597598E+00  4.767387E+00
 6.621622E+00  4.767807E+00
 6.645646E+00  4.768219E+00
 6.669670E+00  4.768624E+00
 6.693694E+00  4.769022E+00
 6.717718E+00  4.769412E+00
 6.741742E+00  4.769794E+00
 6.765766E+00  4.770169E+00
 6.789790E+00  4.770536E+00
 6.813814E+00  4.770897E+00
 6.837838E+00  4.771249E+00
 6.861862E+00  4.771595E+00
 6.885886E+00  4.771933E+00
 6.909910E+00  4.772264E+00
 6.933934E+00  4.772587E+00
 6.957958E+00  4.772903E+00
 6.981982E+00  4.773212E+00
 7.006006E+00  4.773514E+00
 7.030030E+00  4.773809E+00
 7.054054E+00  4.774096E+00
 7.078078E+00  4.774376E+00
 7.102102E+00  4.774649E+00
 7.126126E+00  4.774916E+00
 7.150150E+00  4.775175E+00
 7.174174E+00  4.775427E+00
 7.198198E+00  4.775672E+00
 7.222222E+00  4.775910E+00
 7.246246E+00  4.776141E+00
 7.270270E+00  4.776365E+00
 7.294294E+00  4.776582E+00
 7.318318E+00  4.776792E+00
 7.342342E+00  4.776996E+00
 7.366367E+00  4.777193E+00
 7.390391E+00  4.777382E+00
 7.414415E+00  4.777565E+00
 7.438439E+00  4.777742E+00
 7.462463E+00  4.777911E+00
 7.486487E+00  4.778074E+00
 7.510511E+00  4.778230E+00
 7.534535E+00  4.778380E+00
 7.558559E+00  4.778523E+00
 7.582583E+00  4.778659E+00
 7.606607E+00  4.778788E+00
 7.630631E+00  4.778911E+00
 7.654655E+00  4.779028E+00
 7.678679E+00  4.779138E+00
 7.702703E+00  4.779241E+00
 7.726727E+00  4.779339E+00
 7.750751E+00  4.779429E+00
 7.774775E+00  4.779513E+00
 7.798799E+00  4.779591E+00
 7.822823E+00  4.779663E+00
 7.846847E+00  4.779728E+00
 7.870871E+00  4.779786E+00
 7.894895E+00  4.779839E+00
 7.918919E+00  4.779885E+00
 7.942943E+00  4.779925E+00
 7.966967E+00  4.779959E+00
 7.990991E+00  4.779986E+00
 8.015015E+00  4.780008E+00
 8.039039E+00  4.780023E+00
 8.063063E+00  4.780032E+00
 8.087087E+00  4.780035E+00
 8.111111E+00  4.780032E+00
 8.135135E+00  4.780023E+00
 8.159159E+00  4.780008E+00
 8.183183E+00  4.779987E+00
 8.207207E+00  4.779960E+00
 8.231231E+00  4.779927E+00
 8.255255E+00  4.779888E+00
 8.279279E+00  4.779843E+00
 8.303303E+00  4.779792E+00
 8.327328E+00  4.779736E+00
 8.351352E+00  4.779673E+00
 8.375376E+00  4.779605E+00
 8.399400E+00  4.779531E+00
 8.423424E+00  4.779451E+00
 8.447448E+00  4.779366E+00
 8.471472E+00  4.779275E+00
 8.495496E+00  4.779178E+00
 8.519520E+00  4.779075E+00
 8.543544E+00  4.778967E+00
 8.567568E+00  4.778853E+00
 8.591592E+00  4.778734E+00
 8.615616E+00  4.778609E+00
 8.639640E+00  4.778479E+00
 8.663664E+00  4.778343E+00
 8.687688E+00  4.778202E+00
 8.711712E+00  4.778055E+00
 8.735736E+00  4.777903E+00
 8.759760E+00  4.777745E+00
 8.783784E+00  4.777582E+00
 8.807808E+00  4.777414E+00
 8.831832E+00  4.777240E+00
 8.855856E+00  4.777061E+00
 8.879880E+00  4.776876E+00
 8.903904E+00  4.776687E+00
 8.927928E+00  4.776492E+00
 8.951952E+00  4.776292E+00
 8.975976E+00  4.776087E+00
 9.000000E+00  4.775877E+00
 9.024024E+00  4.775661E+00
 9.048048E+00  4.775441E+00
 9.072072E+00  4.775215E+00
 9.096096E+00  4.774984E+00
 9.120120E+00  4.774748E+00
 9.144144E+00  4.774508E+00
 9.168168E+00  4.774262E+00
 9.192192E+00  4.774011E+00
 9.216216E+00  4.773755E+00
 9.240240E+00  4.773495E+00
 9.264264E+00  4.773229E+00
 9.288288E+00  4.772959E+00
 9.312313E+00  4.772684E+00
 9.336337E+00  4.772404E+00
 9.360361E+00  4.772119E+00
 9.384385E+00  4.771830E+00
 9.408409E+00  4.771535E+00
 9.432433E+00  4.771236E+00
 9.456457E+00  4.770933E+00
 9.480481E+00  4.770624E+00
 9.504505E+00  4.770311E+00
 9.528529E+00  4.769994E+00
 9.552553E+00  4.769672E+00
 9.576577E+00  4.769345E+00
 9.600601E+00  4.769014E+00
 9.624625E+00  4.768678E+00
 9.648649E+00  4.768338E+00
 9.672673E+00  4.767993E+00
 9.696697E+00  4.767644E+00
 9.720721E+00  4.767290E+00
 9.744745E+00  4.766932E+00
 9.768769E+00  4.766569E+00
 9.792793E+00  4.766203E+00
 9.816817E+00  4.765832E+00
 9.840841E+00  4.765456E+00
 9.864865E+00  4.765077E+00
 9.888889E+00  4.764693E+00
 9.912913E+00  4.764305E+00
 9.936937E+00  4.763913E+00
 9.960961E+00  4.763516E+00
 9.984985E+00  4.763115E+00
 1.000901E+01  4.762711E+00
 1.003303E+01  4.762302E+00
 1.005706E+01  4.761889E+00
 1.008108E+01  4.761472E+00
 1.010511E+01  4.761051E+00
 1.012913E+01  4.760626E+00
 1.015315E+01  4.760197E+00
 1.017718E+01  4.759764E+00
 1.020120E+01  4.759328E+00
 1.022523E+01  4.758887E+00
 1.024925E+01  4.758442E+00
 1.027327E+01  4.757994E+00
 1.029730E+01  4.757542E+00
 1.032132E+01  4.757085E+00
 1.034535E+01  4.756626E+00
 1.036937E+01  4.756162E+00
 1.039339E+01  4.755695E+00
 1.041742E+01  4.755224E+00
 1.044144E+01  4.754749E+00
 1.046547E+01  4.754271E+00
 1.048949E+01  4.753789E+00
 1.051351E+01  4.753303E+00
 1.053754E+01  4.752814E+00
 1.056156E+01  4.752321E+00
 1.058559E+01  4.751825E+00
 1.060961E+01  4.751325E+00
 1.063363E+01  4.750822E+00
 1.065766E+01  4.750315E+00
 1.068168E+01  4.749805E+00
 1.070571E+01  4.749292E+00
 1.072973E+01  4.748775E+00
 1.075375E+01  4.748254E+00
 1.077778E+01  4.747731E+00
 1.080180E+01  4.747204E+00
 1.082583E+01  4.746674E+00
 1.084985E+01  4.746140E+00
 1.087387E+01  4.745604E+00
 1.089790E+01  4.745064E+00
 1.092192E+01  4.744521E+00
 1.094595E+01  4.743974E+00
 1.096997E+01  4.743425E+00
 1.099399E+01  4.742873E+00
 1.101802E+01  4.742317E+00
 1.104204E+01  4.741758E+00
 1.106607E+01  4.741197E+00
 1.109009E+01  4.740632E+00
 1.111411E+01  4.740064E+00
 1.113814E+01  4.739494E+00
 1.116216E+01  4.738920E+00
 1.118619E+01  4.738344E+00
 1.121021E+01  4.737764E+00
 1.123423E+01  4.737182E+00
 1.125826E+01  4.736597E+00
 1.128228E+01  4.736009E+00
 1.130631E+01  4.735418E+00
 1.133033E+01  4.734825E+00
 1.135435E+01  4.734229E+00
 1.137838E+01  4.733630E+00
 1.140240E+01  4.733028E+00
 1.142643E+01  4.732424E+00
 1.145045E+01  4.731817E+00
 1.147447E+01  4.731208E+00
 1.149850E+01  4.730596E+00
 1.152252E+01  4.729981E+00
 1.154655E+01  4.729364E+00
 1.157057E+01  4.728744E+00
 1.159459E+01  4.728122E+00
 1.161862E+01  4.727497E+00
 1.164264E+01  4.726870E+00
 1.166667E+01  4.726240E+00
 1.169069E+01  4.725608E+00
 1.171471E+01  4.724974E+00
 1.173874E+01  4.724337E+00
 1.176276E+01  4.723698E+00
 1.178679E+01  4.723057E+00
 1.181081E+01  4.722414E+00
 1.183484E+01  4.721768E+00
 1.185886E+01  4.721120E+00
 1.188288E+01  4.720469E+00
 1.190691E+01  4.719817E+00
 1.193093E+01  4.719163E+00
 1.195496E+01  4.718506E+00
 1.197898E+01  4.717847E+00
 1.200300E+01  4.717186E+00
 1.202703E+01  4.716523E+00
 1.205105E+01  4.715858E+00
 1.207508E+01  4.715191E+00
 1.209910E+01  4.714523E+00
 1.212312E+01  4.713852E+00
 1.214715E+01  4.713179E+00
 1.217117E+01  4.712504E+00
 1.219520E+01  4.711828E+00
 1.221922E+01  4.711149E+00
 1.224324E+01  4.710469E+00
 1.226727E+01  4.709787E+00
 1.229129E+01  4.709103E+00
 1.231532E+01  4.708418E+00
 1.233934E+01  4.707730E+00
 1.236336E+01  4.707041E+00
 1.238739E+01  4.706351E+00
 1.241141E+01  4.705658E+00
 1.243544E+01  4.704964E+00
 1.245946E+01  4.704269E+00
 1.248348E+01  4.703572E+00
 1.250751E+01  4.702873E+00
 1.253153E+01  4.702173E+00
 1.255556E+01  4.701471E+00
 1.257958E+01  4.700768E+00
 1.260360E+01  4.700063E+00
 1.262763E+01  4.699357E+00
 1.265165E+01  4.698650E+00
 1.267568E+01  4.697941E+00
 1.269970E+01  4.697230E+00
 1.272372E+01  4.696519E+00
 1.274775E+01  4.695806E+00
 1.277177E+01  4.695092E+00
 1.279580E+01  4.694376E+00
 1.281982E+01  4.693660E+00
 1.284384E+01  4.692942E+00
 1.286787E+01  4.692223E+00
 1.289189E+01  4.691502E+00
 1.291592E+01  4.690781E+00
 1.293994E+01  4.690058E+00
 1.296396E+01  4.689335E+00
 1.298799E+01  4.688610E+00
 1.301201E+01  4.687885E+00
 1.303604E+01  4.687158E+00
 1.306006E+01  4.686430E+00
 1.308408E+01  4.685702E+00
 1.310811E+01  4.684972E+00
 1.313213E+01  4.684241E+00
 1.315616E+01  4.683510E+00
 1.318018E+01  4.682778E+00
 1.320420E+01  4.682045E+00
 1.322823E+01  4.681311E+00
 1.325225E+01  4.680576E+00
 1.327628E+01  4.679841E+00
 1.330030E+01  4.679104E+00
 1.332432E+01  4.678368E+00
 1.334835E+01  4.677630E+00
 1.337237E+01  4.676892E+00
 1.339640E+01  4.676153E+00
 1.342042E+01  4.675413E+00
 1.344444E+01  4.674673E+00
 1.346847E+01  4.673932E+00
 1.349249E+01  4.673191E+00
 1.351652E+01  4.672449E+00
 1.354054E+01  4.671707E+00
 1.356456E+01  4.670964E+00
 1.358859E+01  4.670221E+00
 1.361261E+01  4.669477E+00
 1.363664E+01  4.668733E+00
 1.366066E+01  4.667989E+00
 1.368468E+01  4.667244E+00
 1.370871E+01  4.666499E+00
 1.373273E+01  4.665754E+00
 1.375676E+01  4.665008E+00
 1.378078E+01  4.664263E+00
 1.380481E+01  4.663516E+00
 1.382883E+01  4.662770E+00
 1.385285E+01  4.662024E+00
 1.387688E+01  4.661277E+00
 1.390090E+01  4.660530E+00
 1.392493E+01  4.659784E+00
 1.394895E+01  4.659037E+00
 1.397297E+01  4.658290E+00
 1.399700E+01  4.657543E+00
 1.402102E+01  4.656796E+00
 1.404505E+01  4.656049E+00
 1.406907E+01  4.655302E+00
 1.409309E+01  4.654555E+00
 1.411712E+01  4.653808E+00
 1.414114E+01  4.653062E+00
 1.416517E+01  4.652315E+00
 1.418919E+01  4.651569E+00
 1.421321E+01  4.650823E+00
 1.423724E+01  4.650077E+00
 1.426126E+01  4.649331E+00
 1.428529E+01  4.648586E+00
 1.430931E+01  4.647841E+00
 1.433333E+01  4.647096E+00
 1.435736E+01  4.646352E+00
 1.438138E+01  4.645607E+00
 1.440541E+01  4.644864E+00
 1.442943E+01  4.644121E+00
 1.445345E+01  4.643378E+00
 1.447748E+01  4.642635E+00
 1.450150E+01  4.641894E+00
 1.452553E+01  4.641152E+00
 1.454955E+01  4.640412E+00
 1.457357E+01  4.639671E+00
 1.459760E+01  4.638932E+00
 1.462162E+01  4.638193E+00
 1.464565E+01  4.637454E+00
 1.466967E+01  4.636717E+00
 1.469369E+01  4.635980E+00
 1.471772E+01  4.635243E+00
 1.474174E+01  4.634508E+00
 1.476577E+01  4.633773E+00
 1.478979E+01  4.633039E+00
 1.481381E+01  4.632306E+00
 1.483784E+01  4.631573E+00
 1.486186E+01  4.630842E+00
 1.488589E+01  4.630111E+00
 1.490991E+01  4.629382E+00
 1.493393E+01  4.628653E+00
 1.495796E+01  4.627925E+00
 1.498198E+01  4.627198E+00
 1.500601E+01  4.626472E+00
 1.503003E+01  4.625748E+00
 1.505405E+01  4.625024E+00
 1.507808E+01  4.624301E+00
 1.510210E+01  4.623580E+00
 1.512613E+01  4.622859E+00
 1.515015E+01  4.622140E+00
 1.517417E+01  4.621422E+00
 1.519820E+01  4.620705E+00
 1.522222E+01  4.619990E+00
 1.524625E+01  4.619275E+00
 1.527027E+01  4.618562E+00
 1.529429E+01  4.617850E+00
 1.531832E+01  4.617140E+00
 1.534234E+01  4.616431E+00
 1.536637E+01  4.615723E+00
 1.539039E+01  4.615017E+00
 1.541441E+01  4.614312E+00
 1.543844E+01  4.613609E+00
 1.546246E+01  4.612907E+00
 1.548649E+01  4.612206E+00
 1.551051E+01  4.611507E+00
 1.553453E+01  4.610810E+00
 1.555856E+01  4.610114E+00
 1.558258E+01  4.609420E+00
 1.560661E+01  4.608728E+00
 1.563063E+01  4.608037E+00
 1.565466E+01  4.607348E+00
 1.567868E+01  4.606660E+00
 1.570270E+01  4.605974E+00
 1.572673E+01  4.605290E+00
 1.575075E+01  4.604608E+00
 1.577478E+01  4.603928E+00
 1.579880E+01  4.603249E+00
 1.582282E+01  4.602572E+00
 1.584685E+01  4.601897E+00
 1.587087E+01  4.601224E+00
 1.589490E+01  4.600553E+00
 1.591892E+01  4.599884E+00
 1.594294E+01  4.599217E+00
 1.596697E+01  4.598552E+00
 1.599099E+01  4.597889E+00
 1.601502E+01  4.597227E+00
 1.603904E+01  4.596568E+00
 1.606306E+01  4.595911E+00
 1.608709E+01  4.595257E+00
 1.611111E+01  4.594604E+00
 1.613514E+01  4.593953E+00
 1.615916E+01  4.593305E+00
 1.618318E+01  4.592659E+00
 1.620721E+01  4.592015E+00
 1.623123E+01  4.591374E+00
 1.625526E+01  4.590734E+00
 1.627928E+01  4.590097E+00
 1.630330E+01  4.589463E+00
 1.632733E+01  4.588831E+00
 1.635135E+01  4.588201E+00
 1.637538E+01  4.587573E+00
 1.639940E+01  4.586948E+00
 1.642342E+01  4.586326E+00
 1.644745E+01  4.585706E+00
 1.647147E+01  4.585088E+00
 1.649550E+01  4.584473E+00
 1.651952E+01  4.583861E+00
 1.654354E+01  4.583251E+00
 1.656757E+01  4.582644E+00
 1.659159E+01  4.582039E+00
 1.661562E+01  4.581437E+00
 1.663964E+01  4.580838E+00
 1.666366E+01  4.580241E+00
 1.668769E+01  4.579648E+00
 1.671171E+01  4.579057E+00
 1.673574E+01  4.578468E+00
 1.675976E+01  4.577883E+00
 1.678378E+01  4.577300E+00
 1.680781E+01  4.576721E+00
 1.683183E+01  4.576144E+00
 1.685586E+01  4.575570E+00
 1.687988E+01  4.574999E+00
 1.690390E+01  4.574431E+00
 1.692793E+01  4.573866E+00
 1.695195E+01  4.573304E+00
 1.697598E+01  4.572745E+00
 1.700000E+01  4.572189E+00
 1.702402E+01  4.571636E+00
 1.704805E+01  4.571086E+00
 1.707207E+01  4.570540E+00
 1.709610E+01  4.569996E+00
 1.712012E+01  4.569456E+00
 1.714414E+01  4.568919E+00
 1.716817E+01  4.568385E+00
 1.719219E+01  4.567854E+00
 1.721622E+01  4.567327E+00
 1.724024E+01  4.566803E+00
 1.726426E+01  4.566282E+00
 1.728829E+01  4.565765E+00
 1.731231E+01  4.565251E+00
 1.733634E+01  4.564740E+00
 1.736036E+01  4.564233E+00
 1.738438E+01  4.563730E+00
 1.740841E+01  4.563229E+00
 1.743243E+01  4.562733E+00
 1.745646E+01  4.562240E+00
 1.748048E+01  4.561750E+00
 1.750450E+01  4.561264E+00
 1.752853E+01  4.560781E+00
 1.755255E+01  4.560303E+00
 1.757658E+01  4.559828E+00
 1.760060E+01  4.559356E+00
 1.762463E+01  4.558888E+00
 1.764865E+01  4.558424E+00
 1.767267E+01  4.557964E+00
 1.769670E+01  4.557507E+00
 1.772072E+01  4.557055E+00
 1.774475E+01  4.556606E+00
 1.776877E+01  4.556161E+00
 1.779279E+01  4.555719E+00
 1.781682E+01  4.555282E+00
 1.784084E+01  4.554849E+00
 1.786487E+01  4.554419E+00
 1.788889E+01  4.553994E+00
 1.791291E+01  4.553572E+00
 1.793694E+01  4.553155E+00
 1.796096E+01  4.552742E+00
 1.798499E+01  4.552332E+00
 1.800901E+01  4.551927E+00
 1.803303E+01  4.551526E+00
 1.805706E+01  4.551129E+00
 1.808108E+01  4.550736E+00
 1.810511E+01  4.550348E+00
 1.812913E+01  4.549963E+00
 1.815315E+01  4.549583E+00
 1.817718E+01  4.549207E+00
 1.820120E+01  4.548836E+00
 1.822523E+01  4.548468E+00
 1.824925E+01  4.548105E+00
 1.827327E+01  4.547747E+00
 1.829730E+01  4.547393E+00
 1.832132E+01  4.547043E+00
 1.834535E+01  4.546698E+00
 1.836937E+01  4.546357E+00
 1.839339E+01  4.546020E+00
 1.841742E+01  4.545688E+00
 1.844144E+01  4.545361E+00
 1.846547E+01  4.545038E+00
 1.848949E+01  4.544720E+00
 1.851351E+01  4.544407E+00
 1.853754E+01  4.544098E+00
 1.856156E+01  4.543794E+00
 1.858559E+01  4.543494E+00
 1.860961E+01  4.543199E+00
 1.863363E+01  4.542909E+00
 1.865766E+01  4.542624E+00
 1.868168E+01  4.542343E+00
 1.870571E+01  4.542067E+00
 1.872973E+01  4.541796E+00
 1.875375E+01  4.541530E+00
 1.877778E+01  4.541269E+00
 1.880180E+01  4.541013E+00
 1.882583E+01  4.540761E+00
 1.884985E+01  4.540515E+00
 1.887387E+01  4.540274E+00
 1.889790E+01  4.540037E+00
 1.892192E+01  4.539806E+00
 1.894595E+01  4.539580E+00
 1.896997E+01  4.539358E+00
 1.899399E+01  4.539142E+00
 1.901802E+01  4.538931E+00
 1.904204E+01  4.538725E+00
 1.906607E+01  4.538525E+00
 1.909009E+01  4.538329E+00
 1.911411E+01  4.538139E+00
 1.913814E+01  4.537954E+00
 1.916216E+01  4.537775E+00
 1.918619E+01  4.537600E+00
 1.921021E+01  4.537431E+00
 1.923423E+01  4.537267E+00
 1.925826E+01  4.537109E+00
 1.928228E+01  4.536956E+00
 1.930631E+01  4.536809E+00
 1.933033E+01  4.536667E+00
 1.935435E+01  4.536530E+00
 1.937838E+01  4.536399E+00
 1.940240E+01  4.536273E+00
 1.942643E+01  4.536153E+00
 1.945045E+01  4.536039E+00
 1.947447E+01  4.535930E+00
 1.949850E+01  4.535827E+00
 1.952252E+01  4.535729E+00
 1.954655E+01  4.535638E+00
 1.957057E+01  4.535551E+00
 1.959460E+01  4.535471E+00
 1.961862E+01  4.535396E+00
 1.964264E+01  4.535327E+00
 1.966667E+01  4.535264E+00
 1.969069E+01  4.535207E+00
 1.971472E+01  4.535155E+00
 1.973874E+01  4.535110E+00
 1.976276E+01  4.535070E+00
 1.978679E+01  4.535036E+00
 1.981081E+01  4.535009E+00
 1.983484E+01  4.534987E+00
 1.985886E+01  4.534971E+00
 1.988288E+01  4.534961E+00
 1.990691E+01  4.534957E+00
 1.993093E+01  4.534959E+00
 1.995496E+01  4.534968E+00
 1.997898E+01  4.534982E+00
 2.000300E+01  4.535003E+00
 2.002703E+01  4.535030E+00
 2.005105E+01  4.535063E+00
 2.007508E+01  4.535102E+00
 2.009910E+01  4.535147E+00
 2.012312E+01  4.535199E+00
 2.014715E+01  4.535257E+00
 2.017117E+01  4.535321E+00
 2.019520E+01  4.535392E+00
 2.021922E+01  4.535469E+00
 2.024324E+01  4.535552E+00
 2.026727E+01  4.535642E+00
 2.029129E+01  4.535738E+00
 2.031532E+01  4.535841E+00
 2.033934E+01  4.535950E+00
 2.036336E+01  4.536066E+00
 2.038739E+01  4.536188E+00
 2.041141E+01  4.536317E+00
 2.043544E+01  4.536453E+00
 2.045946E+01  4.536595E+00
 2.048348E+01  4.536743E+00
 2.050751E+01  4.536898E+00
 2.053153E+01  4.537060E+00
 2.055556E+01  4.537229E+00
 2.057958E+01  4.537405E+00
 2.060360E+01  4.537587E+00
 2.062763E+01  4.537776E+00
 2.065165E+01  4.537972E+00
 2.067568E+01  4.538174E+00
 2.069970E+01  4.538384E+00
 2.072372E+01  4.538600E+00
 2.074775E+01  4.538823E+00
 2.077177E+01  4.539053E+00
 2.079580E+01  4.539291E+00
 2.081982E+01  4.539535E+00
 2.084384E+01  4.539786E+00
 2.086787E+01  4.540044E+00
 2.089189E+01  4.540309E+00
 2.091592E+01  4.540582E+00
 2.093994E+01  4.540861E+00
 2.096396E+01  4.541148E+00
 2.098799E+01  4.541441E+00
 2.101201E+01  4.541742E+00
 2.103604E+01  4.542050E+00
 2.106006E+01  4.542366E+00
 2.108408E+01  4.542688E+00
 2.110811E+01  4.543018E+00
 2.113213E+01  4.543355E+00
 2.115616E+01  4.543700E+00
 2.118018E+01  4.544051E+00
 2.120420E+01  4.544411E+00
 2.122823E+01  4.544777E+00
 2.125225E+01  4.545151E+00
 2.127628E+01  4.545533E+00
 2.130030E+01  4.545922E+00
 2.132432E+01  4.546318E+00
 2.134835E+01  4.546722E+00
 2.137237E+01  4.547134E+00
 2.139640E+01  4.547553E+00
 2.142042E+01  4.547979E+00
 2.144444E+01  4.548414E+00
 2.146847E+01  4.548856E+00
 2.149249E+01  4.549305E+00
 2.151652E+01  4.549763E+00
 2.154054E+01  4.550228E+00
 2.156457E+01  4.550700E+00
 2.158859E+01  4.551181E+00
 2.161261E+01  4.551669E+00
 2.163664E+01  4.552166E+00
 2.166066E+01  4.552670E+00
 2.168469E+01  4.553181E+00
 2.170871E+01  4.553701E+00
 2.173273E+01  4.554229E+00
 2.175676E+01  4.554765E+00
 2.178078E+01  4.555308E+00
 2.180481E+01  4.555860E+00
 2.182883E+01  4.556420E+00
 2.185285E+01  4.556987E+00
 2.187688E+01  4.557563E+00
 2.190090E+01  4.558147E+00
 2.192493E+01  4.558739E+00
 2.194895E+01  4.559339E+00
 2.197297E+01  4.559947E+00
 2.199700E+01  4.560564E+00
 2.202102E+01  4.561188E+00
 2.204505E+01  4.561821E+00
 2.206907E+01  4.562462E+00
 2.209309E+01  4.563112E+00
 2.211712E+01  4.563769E+00
 2.214114E+01  4.564436E+00
 2.216517E+01  4.565110E+00
 2.218919E+01  4.565793E+00
 2.221321E+01  4.566484E+00
 2.223724E+01  4.567184E+00
 2.226126E+01  4.567892E+00
 2.228529E+01  4.568609E+00
 2.230931E+01  4.569334E+00
 2.233333E+01  4.570068E+00
 2.235736E+01  4.570810E+00
 2.238138E+01  4.571561E+00
 2.240541E+01  4.572320E+00
 2.242943E+01  4.573088E+00
 2.245345E+01  4.573865E+00
 2.247748E+01  4.574650E+00
 2.250150E+01  4.575445E+00
 2.252553E+01  4.576247E+00
 2.254955E+01  4.577059E+00
 2.257357E+01  4.577880E+00
 2.259760E+01  4.578709E+00
 2.262162E+01  4.579547E+00
 2.264565E+01  4.580394E+00
 2.266967E+01  4.581250E+00
 2.269369E+01  4.582114E+00
 2.271772E+01  4.582988E+00
 2.274174E+01  4.583870E+00
 2.276577E+01  4.584762E+00
 2.278979E+01  4.585663E+00
 2.281381E+01  4.586572E+00
 2.283784E+01  4.587491E+00
 2.286186E+01  4.588419E+00
 2.288589E+01  4.589355E+00
 2.290991E+01  4.590301E+00
 2.293393E+01  4.591256E+00
 2.295796E+01  4.592221E+00
 2.298198E+01  4.593194E+00
 2.300601E+01  4.594177E+00
 2.303003E+01  4.595169E+00
 2.305405E+01  4.596170E+00
 2.307808E+01  4.597181E+00
 2.310210E+01  4.598201E+00
 2.312613E+01  4.599230E+00
 2.315015E+01  4.600268E+00
 2.317417E+01  4.601316E+00
 2.319820E+01  4.602374E+00
 2.322222E+01  4.603441E+00
 2.324625E+01  4.604517E+00
 2.327027E+01  4.605603E+00
 2.329429E+01  4.606698E+00
 2.331832E+01  4.607803E+00
 2.334234E+01  4.608918E+00
 2.336637E+01  4.610042E+00
 2.339039E+01  4.611176E+00
 2.341441E+01  4.612319E+00
 2.343844E+01  4.613472E+00
 2.346246E+01  4.614635E+00
 2.348649E+01  4.615807E+00
 2.351051E+01  4.616989E+00
 2.353454E+01  4.618181E+00
 2.355856E+01  4.619383E+00
 2.358258E+01  4.620594E+00
 2.360661E+01  4.621816E+00
 2.363063E+01  4.623047E+00
 2.365466E+01  4.624288E+00
 2.367868E+01  4.625539E+00
 2.370270E+01  4.626800E+00
 2.372673E+01  4.628071E+00
 2.375075E+01  4.629352E+00
 2.377478E+01  4.630643E+00
 2.379880E+01  4.631944E+00
 2.382282E+01  4.633256E+00
 2.384685E+01  4.634577E+00
 2.387087E+01  4.635908E+00
 2.389490E+01  4.637250E+00
 2.391892E+01  4.638601E+00
 2.394294E+01  4.639963E+00
 2.396697E+01  4.641335E+00
 2.399099E+01  4.642717E+00
 2.401502E+01  4.644110E+00
 2.403904E+01  4.645513E+00
 2.406306E+01  4.646926E+00
 2.408709E+01  4.648349E+00
 2.411111E+01  4.649783E+00
 2.413514E+01  4.651227E+00
 2.415916E+01  4.652682E+00
 2.418318E+01  4.654147E+00
 2.420721E+01  4.655622E+00
 2.423123E+01  4.657108E+00
 2.425526E+01  4.658605E+00
 2.427928E+01  4.660112E+00
 2.430330E+01  4.661630E+00
 2.432733E+01  4.663158E+00
 2.435135E+01  4.664697E+00
 2.437538E+01  4.666246E+00
 2.439940E+01  4.667806E+00
 2.442342E+01  4.669377E+00
 2.444745E+01  4.670958E+00
 2.447147E+01  4.672551E+00
 2.449550E+01  4.674153E+00
 2.451952E+01  4.675767E+00
 2.454354E+01  4.677392E+00
 2.456757E+01  4.679027E+00
 2.459159E+01  4.680673E+00
 2.461562E+01  4.682331E+00
 2.463964E+01  4.683999E+00
 2.466366E+01  4.685677E+00
 2.468769E+01  4.687367E+00
 2.471171E+01  4.689068E+00
 2.473574E+01  4.690780E+00
 2.475976E+01  4.692503E+00
 2.478378E+01  4.694237E+00
 2.480781E+01  4.695982E+00
 2.483183E+01  4.697738E+00
 2.485586E+01  4.699506E+00
 2.487988E+01  4.701284E+00
 2.490390E+01  4.703074E+00
 2.492793E+01  4.704874E+00
 2.495195E+01  4.706686E+00
 2.497598E+01  4.708510E+00
 2.500000E+01  4.710344E+00
