 1.000000E+00  4.911000E+00
 1.009009E+00  4.912582E+00
 1.018018E+00  4.914143E+00
 1.027027E+00  4.915682E+00
 1.036036E+00  4.917201E+00
 1.045045E+00  4.918700E+00
 1.054054E+00  4.920177E+00
 1.063063E+00  4.921634E+00
 1.072072E+00  4.923071E+00
 1.081081E+00  4.924487E+00
 1.090090E+00  4.925883E+00
 1.099099E+00  4.927259E+00
 1.108108E+00  4.928615E+00
 1.117117E+00  4.929950E+00
 1.126126E+00  4.931266E+00
 1.135135E+00  4.932562E+00
 1.144144E+00  4.933839E+00
 1.153153E+00  4.935095E+00
 1.162162E+00  4.936332E+00
 1.171171E+00  4.937550E+00
 1.180180E+00  4.938749E+00
 1.189189E+00  4.939928E+00
 1.198198E+00  4.941088E+00
 1.207207E+00  4.942229E+00
 1.216216E+00  4.943351E+00
 1.225225E+00  4.944454E+00
 1.234234E+00  4.945538E+00
 1.243243E+00  4.946604E+00
 1.252252E+00  4.947651E+00
 1.261261E+00  4.948679E+00
 1.270270E+00  4.949689E+00
 1.279279E+00  4.950681E+00
 1.288288E+00  4.951655E+00
 1.297297E+00  4.952610E+00
 1.306306E+00  4.953548E+00
 1.315315E+00  4.954467E+00
 1.324324E+00  4.955369E+00
 1.333333E+00  4.956253E+00
 1.342342E+00  4.957119E+00
 1.351351E+00  4.957968E+00
 1.360360E+00  4.958799E+00
 1.369369E+00  4.959613E+00
 1.378378E+00  4.960410E+00
 1.387387E+00  4.961189E+00
 1.396396E+00  4.961952E+00
 1.405405E+00  4.962697E+00
 1.414414E+00  4.963426E+00
 1.423423E+00  4.964137E+00
 1.432432E+00  4.964832E+00
 1.441441E+00  4.965511E+00
 1.450450E+00  4.966172E+00
 1.459459E+00  4.966818E+00
 1.468468E+00  4.967447E+00
 1.477477E+00  4.968059E+00
 1.486486E+00  4.968656E+00
 1.495496E+00  4.969237E+00
 1.504505E+00  4.969801E+00
 1.513514E+00  4.970350E+00
 1.522523E+00  4.970883E+00
 1.531532E+00  4.971400E+00
 1.540541E+00  4.971902E+00
 1.549550E+00  4.972388E+00
 1.558559E+00  4.972858E+00
 1.567568E+00  4.973314E+00
 1.576577E+00  4.973754E+00
 1.585586E+00  4.974179E+00
 1.594595E+00  4.974589E+00
 1.603604E+00  4.974984E+00
 1.612613E+00  4.975365E+00
 1.621622E+00  4.975730E+00
 1.630631E+00  4.976081E+00
 1.639640E+00  4.976417E+00
 1.648649E+00  4.976739E+00
 1.657658E+00  4.977046E+00
 1.666667E+00  4.977340E+00
 1.675676E+00  4.977618E+00
 1.684685E+00  4.977883E+00
 1.693694E+00  4.978134E+00
 1.702703E+00  4.978371E+00
 1.711712E+00  4.978594E+00
 1.720721E+00  4.978804E+00
 1.729730E+00  4.978999E+00
 1.738739E+00  4.979182E+00
 1.747748E+00  4.979351E+00
 1.756757E+00  4.979506E+00
 1.765766E+00  4.979648E+00
 1.774775E+00  4.979777E+00
 1.783784E+00  4.979893E+00
 1.792793E+00  4.979996E+00
 1.801802E+00  4.980086E+00
 1.810811E+00  4.980164E+00
 1.819820E+00  4.980228E+00
 1.828829E+00  4.980280E+00
 1.837838E+00  4.980320E+00
 1.846847E+00  4.980347E+00
 1.855856E+00  4.980362E+00
 1.864865E+00  4.980364E+00
 1.873874E+00  4.980355E+00
 1.882883E+00  4.980333E+00
 1.891892E+00  4.980300E+00
 1.900901E+00  4.980254E+00
 1.909910E+00  4.980197E+00
 1.918919E+00  4.980129E+00
 1.927928E+00  4.980048E+00
 1.936937E+00  4.979956E+00
 1.945946E+00  4.979853E+00
 1.954955E+00  4.979739E+00
 1.963964E+00  4.979613E+00
 1.972973E+00  4.979476E+00
 1.981982E+00  4.979328E+00
 1.990991E+00  4.979170E+00
 2.000000E+00  4.979000E+00
 2.009009E+00  4.978820E+00
 2.018018E+00  4.978629E+00
 2.027027E+00  4.978427E+00
 2.036036E+00  4.978215E+00
 2.045045E+00  4.977993E+00
 2.054054E+00  4.977761E+00
 2.063063E+00  4.977518E+00
 2.072072E+00  4.977265E+00
 2.081081E+00  4.977003E+00
 2.090090E+00  4.976730E+00
 2.099099E+00  4.976448E+00
 2.108108E+00  4.976156E+00
 2.117117E+00  4.975854E+00
 2.126126E+00  4.975543E+00
 2.135135E+00  4.975222E+00
 2.144144E+00  4.974892E+00
 2.153153E+00  4.974553E+00
 2.162162E+00  4.974205E+00
 2.171171E+00  4.973847E+00
 2.180180E+00  4.973481E+00
 2.189189E+00  4.973106E+00
 2.198198E+00  4.972722E+00
 2.207207E+00  4.972329E+00
 2.216216E+00  4.971928E+00
 2.225225E+00  4.971518E+00
 2.234234E+00  4.971100E+00
 2.243243E+00  4.970674E+00
 2.252252E+00  4.970240E+00
 2.261261E+00  4.969797E+00
 2.270270E+00  4.969346E+00
 2.279279E+00  4.968888E+00
 2.288288E+00  4.968421E+00
 2.297297E+00  4.967947E+00
 2.306306E+00  4.967465E+00
 2.315315E+00  4.966976E+00
 2.324324E+00  4.966479E+00
 2.333333E+00  4.965975E+00
 2.342342E+00  4.965464E+00
 2.351351E+00  4.964945E+00
 2.360360E+00  4.964420E+00
 2.369369E+00  4.963887E+00
 2.378378E+00  4.963348E+00
 2.387387E+00  4.962801E+00
 2.396396E+00  4.962248E+00
 2.405405E+00  4.961689E+00
 2.414414E+00  4.961123E+00
 2.423423E+00  4.960550E+00
 2.432432E+00  4.959971E+00
 2.441441E+00  4.959386E+00
 2.450450E+00  4.958795E+00
 2.459459E+00  4.958198E+00
 2.468469E+00  4.957594E+00
 2.477478E+00  4.956985E+00
 2.486487E+00  4.956370E+00
 2.495496E+00  4.955750E+00
 2.504505E+00  4.955124E+00
 2.513514E+00  4.954492E+00
 2.522523E+00  4.953855E+00
 2.531532E+00  4.953213E+00
 2.540541E+00  4.952565E+00
 2.549550E+00  4.951913E+00
 2.558559E+00  4.951255E+00
 2.567568E+00  4.950592E+00
 2.576577E+00  4.949925E+00
 2.585586E+00  4.949253E+00
 2.594595E+00  4.948576E+00
 2.603604E+00  4.947895E+00
 2.612613E+00  4.947209E+00
 2.621622E+00  4.946519E+00
 2.630631E+00  4.945825E+00
 2.639640E+00  4.945126E+00
 2.648649E+00  4.944423E+00
 2.657658E+00  4.943717E+00
 2.666667E+00  4.943006E+00
 2.675676E+00  4.942292E+00
 2.684685E+00  4.941574E+00
 2.693694E+00  4.940852E+00
 2.702703E+00  4.940127E+00
 2.711712E+00  4.939398E+00
 2.720721E+00  4.938666E+00
 2.729730E+00  4.937931E+00
 2.738739E+00  4.937193E+00
 2.747748E+00  4.936451E+00
 2.756757E+00  4.935707E+00
 2.765766E+00  4.934960E+00
 2.774775E+00  4.934210E+00
 2.783784E+00  4.933457E+00
 2.792793E+00  4.932702E+00
 2.801802E+00  4.931944E+00
 2.810811E+00  4.931184E+00
 2.819820E+00  4.930422E+00
 2.828829E+00  4.929657E+00
 2.837838E+00  4.928890E+00
 2.846847E+00  4.928121E+00
 2.855856E+00  4.927351E+00
 2.864865E+00  4.926578E+00
 2.873874E+00  4.925804E+00
 2.882883E+00  4.925028E+00
 2.891892E+00  4.924250E+00
 2.900901E+00  4.923471E+00
 2.909910E+00  4.922691E+00
 2.918919E+00  4.921910E+00
 2.927928E+00  4.921127E+00
 2.936937E+00  4.920343E+00
 2.945946E+00  4.919558E+00
 2.954955E+00  4.918772E+00
 2.963964E+00  4.917986E+00
 2.972973E+00  4.917198E+00
 2.981982E+00  4.916410E+00
 2.990991E+00  4.915622E+00
 3.000000E+00  4.914833E+00
 3.009009E+00  4.914044E+00
 3.018018E+00  4.913255E+00
 3.027027E+00  4.912465E+00
 3.036036E+00  4.911675E+00
 3.045045E+00  4.910886E+00
 3.054054E+00  4.910096E+00
 3.063063E+00  4.909307E+00
 3.072072E+00  4.908518E+00
 3.081081E+00  4.907730E+00
 3.090090E+00  4.906942E+00
 3.099099E+00  4.906154E+00
 3.108108E+00  4.905367E+00
 3.117117E+00  4.904581E+00
 3.126126E+00  4.903796E+00
 3.135135E+00  4.903012E+00
 3.144144E+00  4.902229E+00
 3.153153E+00  4.901447E+00
 3.162162E+00  4.900667E+00
 3.171171E+00  4.899887E+00
 3.180180E+00  4.899110E+00
 3.189189E+00  4.898333E+00
 3.198198E+00  4.897559E+00
 3.207207E+00  4.896786E+00
 3.216216E+00  4.896014E+00
 3.225225E+00  4.895245E+00
 3.234234E+00  4.894478E+00
 3.243243E+00  4.893713E+00
 3.252252E+00  4.892950E+00
 3.261261E+00  4.892189E+00
 3.270270E+00  4.891431E+00
 3.279279E+00  4.890675E+00
 3.288288E+00  4.889922E+00
 3.297297E+00  4.889171E+00
 3.306306E+00  4.888423E+00
 3.315315E+00  4.887678E+00
 3.324324E+00  4.886936E+00
 3.333333E+00  4.886197E+00
 3.342342E+00  4.885461E+00
 3.351351E+00  4.884729E+00
 3.360360E+00  4.883999E+00
 3.369369E+00  4.883273E+00
 3.378378E+00  4.882551E+00
 3.387387E+00  4.881832E+00
 3.396396E+00  4.881117E+00
 3.405405E+00  4.880405E+00
 3.414414E+00  4.879698E+00
 3.423423E+00  4.878994E+00
 3.432432E+00  4.878295E+00
 3.441442E+00  4.877599E+00
 3.450451E+00  4.876908E+00
 3.459460E+00  4.876222E+00
 3.468469E+00  4.875539E+00
 3.477478E+00  4.874861E+00
 3.486487E+00  4.874188E+00
 3.495496E+00  4.873520E+00
 3.504505E+00  4.872856E+00
 3.513514E+00  4.872197E+00
 3.522523E+00  4.871544E+00
 3.531532E+00  4.870895E+00
 3.540541E+00  4.870251E+00
 3.549550E+00  4.869613E+00
 3.558559E+00  4.868980E+00
 3.567568E+00  4.868353E+00
 3.576577E+00  4.867731E+00
 3.585586E+00  4.867115E+00
 3.594595E+00  4.866505E+00
 3.603604E+00  4.865900E+00
 3.612613E+00  4.865301E+00
 3.621622E+00  4.864709E+00
 3.630631E+00  4.864122E+00
 3.639640E+00  4.863542E+00
 3.648649E+00  4.862968E+00
 3.657658E+00  4.862400E+00
 3.666667E+00  4.861839E+00
 3.675676E+00  4.861285E+00
 3.684685E+00  4.860737E+00
 3.693694E+00  4.860196E+00
 3.702703E+00  4.859662E+00
 3.711712E+00  4.859135E+00
 3.720721E+00  4.858614E+00
 3.729730E+00  4.858101E+00
 3.738739E+00  4.857596E+00
 3.747748E+00  4.857097E+00
 3.756757E+00  4.856606E+00
 3.765766E+00  4.856123E+00
 3.774775E+00  4.855647E+00
 3.783784E+00  4.855179E+00
 3.792793E+00  4.854718E+00
 3.801802E+00  4.854266E+00
 3.810811E+00  4.853822E+00
 3.819820E+00  4.853385E+00
 3.828829E+00  4.852957E+00
 3.837838E+00  4.852537E+00
 3.846847E+00  4.852125E+00
 3.855856E+00  4.851722E+00
 3.864865E+00  4.851328E+00
 3.873874E+00  4.850942E+00
 3.882883E+00  4.850565E+00
 3.891892E+00  4.850197E+00
 3.900901E+00  4.849837E+00
 3.909910E+00  4.849487E+00
 3.918919E+00  4.849146E+00
 3.927928E+00  4.848813E+00
 3.936937E+00  4.848491E+00
 3.945946E+00  4.848177E+00
 3.954955E+00  4.847874E+00
 3.963964E+00  4.847579E+00
 3.972973E+00  4.847295E+00
 3.981982E+00  4.847020E+00
 3.990991E+00  4.846755E+00
 4.000000E+00  4.846500E+00
 4.009009E+00  4.846255E+00
 4.018018E+00  4.846020E+00
 4.027027E+00  4.845795E+00
 4.036036E+00  4.845581E+00
 4.045045E+00  4.845377E+00
 4.054054E+00  4.845184E+00
 4.063063E+00  4.845001E+00
 4.072072E+00  4.844829E+00
 4.081081E+00  4.844668E+00
 4.090090E+00  4.844518E+00
 4.099099E+00  4.844379E+00
 4.108108E+00  4.844250E+00
 4.117117E+00  4.844133E+00
 4.126126E+00  4.844028E+00
 4.135135E+00  4.843933E+00
 4.144144E+00  4.843850E+00
 4.153153E+00  4.843779E+00
 4.162162E+00  4.843719E+00
 4.171171E+00  4.843671E+00
 4.180180E+00  4.843635E+00
 4.189189E+00  4.843610E+00
 4.198198E+00  4.843598E+00
 4.207207E+00  4.843598E+00
 4.216216E+00  4.843610E+00
 4.225225E+00  4.843634E+00
 4.234234E+00  4.843671E+00
 4.243243E+00  4.843720E+00
 4.252252E+00  4.843782E+00
 4.261261E+00  4.843857E+00
 4.270270E+00  4.843944E+00
 4.279279E+00  4.844044E+00
 4.288288E+00  4.844157E+00
 4.297297E+00  4.844283E+00
 4.306306E+00  4.844422E+00
 4.315315E+00  4.844575E+00
 4.324324E+00  4.844740E+00
 4.333333E+00  4.844920E+00
 4.342342E+00  4.845112E+00
 4.351351E+00  4.845319E+00
 4.360360E+00  4.845539E+00
 4.369369E+00  4.845772E+00
 4.378378E+00  4.846020E+00
 4.387387E+00  4.846282E+00
 4.396396E+00  4.846558E+00
 4.405405E+00  4.846848E+00
 4.414414E+00  4.847152E+00
 4.423424E+00  4.847470E+00
 4.432433E+00  4.847803E+00
 4.441442E+00  4.848151E+00
 4.450451E+00  4.848513E+00
 4.459460E+00  4.848890E+00
 4.468469E+00  4.849282E+00
 4.477478E+00  4.849688E+00
 4.486487E+00  4.850110E+00
 4.495496E+00  4.850547E+00
 4.504505E+00  4.850999E+00
 4.513514E+00  4.851466E+00
 4.522523E+00  4.851948E+00
 4.531532E+00  4.852447E+00
 4.540541E+00  4.852960E+00
 4.549550E+00  4.853490E+00
 4.558559E+00  4.854035E+00
 4.567568E+00  4.854596E+00
 4.576577E+00  4.855173E+00
 4.585586E+00  4.855766E+00
 4.594595E+00  4.856375E+00
 4.603604E+00  4.857000E+00
 4.612613E+00  4.857642E+00
 4.621622E+00  4.858300E+00
 4.630631E+00  4.858974E+00
 4.639640E+00  4.859665E+00
 4.648649E+00  4.860373E+00
 4.657658E+00  4.861098E+00
 4.666667E+00  4.861839E+00
 4.675676E+00  4.862598E+00
 4.684685E+00  4.863374E+00
 4.693694E+00  4.864166E+00
 4.702703E+00  4.864976E+00
 4.711712E+00  4.865804E+00
 4.720721E+00  4.866648E+00
 4.729730E+00  4.867511E+00
 4.738739E+00  4.868391E+00
 4.747748E+00  4.869288E+00
 4.756757E+00  4.870204E+00
 4.765766E+00  4.871137E+00
 4.774775E+00  4.872089E+00
 4.783784E+00  4.873058E+00
 4.792793E+00  4.874046E+00
 4.801802E+00  4.875052E+00
 4.810811E+00  4.876076E+00
 4.819820E+00  4.877119E+00
 4.828829E+00  4.878181E+00
 4.837838E+00  4.879261E+00
 4.846847E+00  4.880360E+00
 4.855856E+00  4.881477E+00
 4.864865E+00  4.882614E+00
 4.873874E+00  4.883770E+00
 4.882883E+00  4.884944E+00
 4.891892E+00  4.886138E+00
 4.900901E+00  4.887352E+00
 4.909910E+00  4.888584E+00
 4.918919E+00  4.889837E+00
 4.927928E+00  4.891109E+00
 4.936937E+00  4.892400E+00
 4.945946E+00  4.893711E+00
 4.954955E+00  4.895043E+00
 4.963964E+00  4.896394E+00
 4.972973E+00  4.897765E+00
 4.981982E+00  4.899156E+00
 4.990991E+00  4.900568E+00
 5.000000E+00  4.902000E+00
 5.009009E+00  4.903452E+00
 5.018018E+00  4.904925E+00
 5.027027E+00  4.906419E+00
 5.036036E+00  4.907933E+00
 5.045045E+00  4.909468E+00
 5.054054E+00  4.911024E+00
 5.063063E+00  4.912602E+00
 5.072072E+00  4.914200E+00
 5.081081E+00  4.915819E+00
 5.090090E+00  4.917460E+00
 5.099099E+00  4.919122E+00
 5.108108E+00  4.920805E+00
 5.117117E+00  4.922510E+00
 5.126126E+00  4.924237E+00
 5.135135E+00  4.925985E+00
 5.144144E+00  4.927755E+00
 5.153153E+00  4.929547E+00
 5.162162E+00  4.931362E+00
 5.171171E+00  4.933198E+00
 5.180180E+00  4.935057E+00
 5.189189E+00  4.936937E+00
 5.198198E+00  4.938841E+00
 5.207207E+00  4.940767E+00
 5.216216E+00  4.942715E+00
 5.225225E+00  4.944686E+00
 5.234234E+00  4.946680E+00
 5.243243E+00  4.948696E+00
 5.252252E+00  4.950736E+00
 5.261261E+00  4.952799E+00
 5.270270E+00  4.954885E+00
 5.279279E+00  4.956994E+00
 5.288288E+00  4.959126E+00
 5.297297E+00  4.961282E+00
 5.306306E+00  4.963462E+00
 5.315315E+00  4.965665E+00
 5.324324E+00  4.967892E+00
 5.333333E+00  4.970142E+00
 5.342342E+00  4.972417E+00
 5.351351E+00  4.974715E+00
 5.360360E+00  4.977038E+00
 5.369369E+00  4.979384E+00
 5.378378E+00  4.981755E+00
 5.387387E+00  4.984151E+00
 5.396397E+00  4.986571E+00
 5.405406E+00  4.989015E+00
 5.414415E+00  4.991484E+00
 5.423424E+00  4.993978E+00
 5.432433E+00  4.996497E+00
 5.441442E+00  4.999040E+00
 5.450451E+00  5.001609E+00
 5.459460E+00  5.004203E+00
 5.468469E+00  5.006822E+00
 5.477478E+00  5.009466E+00
 5.486487E+00  5.012135E+00
 5.495496E+00  5.014831E+00
 5.504505E+00  5.017551E+00
 5.513514E+00  5.020298E+00
 5.522523E+00  5.023070E+00
 5.531532E+00  5.025868E+00
 5.540541E+00  5.028692E+00
 5.549550E+00  5.031542E+00
 5.558559E+00  5.034418E+00
 5.567568E+00  5.037321E+00
 5.576577E+00  5.040250E+00
 5.585586E+00  5.043205E+00
 5.594595E+00  5.046187E+00
 5.603604E+00  5.049195E+00
 5.612613E+00  5.052230E+00
 5.621622E+00  5.055292E+00
 5.630631E+00  5.058381E+00
 5.639640E+00  5.061496E+00
 5.648649E+00  5.064639E+00
 5.657658E+00  5.067809E+00
 5.666667E+00  5.071007E+00
 5.675676E+00  5.074231E+00
 5.684685E+00  5.077483E+00
 5.693694E+00  5.080763E+00
 5.702703E+00  5.084070E+00
 5.711712E+00  5.087405E+00
 5.720721E+00  5.090768E+00
 5.729730E+00  5.094159E+00
 5.738739E+00  5.097578E+00
 5.747748E+00  5.101025E+00
 5.756757E+00  5.104500E+00
 5.765766E+00  5.108004E+00
 5.774775E+00  5.111535E+00
 5.783784E+00  5.115096E+00
 5.792793E+00  5.118685E+00
 5.801802E+00  5.122302E+00
 5.810811E+00  5.125949E+00
 5.819820E+00  5.129624E+00
 5.828829E+00  5.133328E+00
 5.837838E+00  5.137061E+00
 5.846847E+00  5.140824E+00
 5.855856E+00  5.144615E+00
 5.864865E+00  5.148436E+00
 5.873874E+00  5.152287E+00
 5.882883E+00  5.156167E+00
 5.891892E+00  5.160076E+00
 5.900901E+00  5.164015E+00
 5.909910E+00  5.167984E+00
 5.918919E+00  5.171983E+00
 5.927928E+00  5.176012E+00
 5.936937E+00  5.180071E+00
 5.945946E+00  5.184160E+00
 5.954955E+00  5.188280E+00
 5.963964E+00  5.192429E+00
 5.972973E+00  5.196610E+00
 5.981982E+00  5.200820E+00
 5.990991E+00  5.205062E+00
 6.000000E+00  5.209334E+00
 6.009009E+00  5.213637E+00
 6.018018E+00  5.217971E+00
 6.027027E+00  5.222336E+00
 6.036036E+00  5.226732E+00
 6.045045E+00  5.231159E+00
 6.054054E+00  5.235618E+00
 6.063063E+00  5.240107E+00
 6.072072E+00  5.244629E+00
 6.081081E+00  5.249182E+00
 6.090090E+00  5.253766E+00
 6.099099E+00  5.258383E+00
 6.108108E+00  5.263031E+00
 6.117117E+00  5.267711E+00
 6.126126E+00  5.272424E+00
 6.135135E+00  5.277168E+00
 6.144144E+00  5.281945E+00
 6.153153E+00  5.286754E+00
 6.162162E+00  5.291595E+00
 6.171171E+00  5.296469E+00
 6.180180E+00  5.301375E+00
 6.189189E+00  5.306315E+00
 6.198198E+00  5.311286E+00
 6.207207E+00  5.316291E+00
 6.216216E+00  5.321329E+00
 6.225225E+00  5.326400E+00
 6.234234E+00  5.331504E+00
 6.243243E+00  5.336642E+00
 6.252252E+00  5.341812E+00
 6.261261E+00  5.347016E+00
 6.270270E+00  5.352254E+00
 6.279279E+00  5.357526E+00
 6.288288E+00  5.362831E+00
 6.297297E+00  5.368170E+00
 6.306306E+00  5.373542E+00
 6.315315E+00  5.378949E+00
 6.324324E+00  5.384390E+00
 6.333333E+00  5.389865E+00
 6.342342E+00  5.395375E+00
 6.351351E+00  5.400918E+00
 6.360360E+00  5.406497E+00
 6.369369E+00  5.412110E+00
 6.378379E+00  5.417757E+00
 6.387388E+00  5.423439E+00
 6.396397E+00  5.429156E+00
 6.405406E+00  5.434909E+00
 6.414415E+00  5.440696E+00
 6.423424E+00  5.446518E+00
 6.432433E+00  5.452375E+00
 6.441442E+00  5.458268E+00
 6.450451E+00  5.464196E+00
 6.459460E+00  5.470160E+00
 6.468469E+00  5.476159E+00
 6.477478E+00  5.482194E+00
 6.486487E+00  5.488265E+00
 6.495496E+00  5.494372E+00
 6.504505E+00  5.500515E+00
 6.513514E+00  5.506693E+00
 6.522523E+00  5.512908E+00
 6.531532E+00  5.519159E+00
 6.540541E+00  5.525447E+00
 6.549550E+00  5.531771E+00
 6.558559E+00  5.538131E+00
 6.567568E+00  5.544528E+00
 6.576577E+00  5.550962E+00
 6.585586E+00  5.557433E+00
 6.594595E+00  5.563940E+00
 6.603604E+00  5.570485E+00
 6.612613E+00  5.577067E+00
 6.621622E+00  5.583685E+00
 6.630631E+00  5.590342E+00
 6.639640E+00  5.597035E+00
 6.648649E+00  5.603766E+00
 6.657658E+00  5.610535E+00
 6.666667E+00  5.617341E+00
 6.675676E+00  5.624185E+00
 6.684685E+00  5.631067E+00
 6.693694E+00  5.637986E+00
 6.702703E+00  5.644944E+00
 6.711712E+00  5.651940E+00
 6.720721E+00  5.658974E+00
 6.729730E+00  5.666047E+00
 6.738739E+00  5.673158E+00
 6.747748E+00  5.680307E+00
 6.756757E+00  5.687495E+00
 6.765766E+00  5.694722E+00
 6.774775E+00  5.701987E+00
 6.783784E+00  5.709292E+00
 6.792793E+00  5.716635E+00
 6.801802E+00  5.724017E+00
 6.810811E+00  5.731439E+00
 6.819820E+00  5.738899E+00
 6.828829E+00  5.746400E+00
 6.837838E+00  5.753939E+00
 6.846847E+00  5.761518E+00
 6.855856E+00  5.769137E+00
 6.864865E+00  5.776795E+00
 6.873874E+00  5.784494E+00
 6.882883E+00  5.792232E+00
 6.891892E+00  5.800010E+00
 6.900901E+00  5.807828E+00
 6.909910E+00  5.815687E+00
 6.918919E+00  5.823585E+00
 6.927928E+00  5.831524E+00
 6.936937E+00  5.839504E+00
 6.945946E+00  5.847524E+00
 6.954955E+00  5.855585E+00
 6.963964E+00  5.863686E+00
 6.972973E+00  5.871829E+00
 6.981982E+00  5.880012E+00
 6.990991E+00  5.888236E+00
 7.000000E+00  5.896502E+00
 7.009009E+00  5.904809E+00
 7.018018E+00  5.913157E+00
 7.027027E+00  5.921546E+00
 7.036036E+00  5.929977E+00
 7.045045E+00  5.938449E+00
 7.054054E+00  5.946963E+00
 7.063063E+00  5.955519E+00
 7.072072E+00  5.964117E+00
 7.081081E+00  5.972757E+00
 7.090090E+00  5.981439E+00
 7.099099E+00  5.990163E+00
 7.108108E+00  5.998929E+00
 7.117117E+00  6.007738E+00
 7.126126E+00  6.016589E+00
 7.135135E+00  6.025482E+00
 7.144144E+00  6.034418E+00
 7.153153E+00  6.043397E+00
 7.162162E+00  6.052419E+00
 7.171171E+00  6.061484E+00
 7.180180E+00  6.070591E+00
 7.189189E+00  6.079742E+00
 7.198198E+00  6.088936E+00
 7.207207E+00  6.098173E+00
 7.216216E+00  6.107453E+00
 7.225225E+00  6.116777E+00
 7.234234E+00  6.126145E+00
 7.243243E+00  6.135556E+00
 7.252252E+00  6.145011E+00
 7.261261E+00  6.154510E+00
 7.270270E+00  6.164052E+00
 7.279279E+00  6.173639E+00
 7.288288E+00  6.183270E+00
 7.297297E+00  6.192945E+00
 7.306306E+00  6.202664E+00
 7.315315E+00  6.212428E+00
 7.324324E+00  6.222236E+00
 7.333333E+00  6.232089E+00
 7.342342E+00  6.241986E+00
 7.351352E+00  6.251929E+00
 7.360361E+00  6.261916E+00
 7.369370E+00  6.271948E+00
 7.378379E+00  6.282025E+00
 7.387388E+00  6.292147E+00
 7.396397E+00  6.302315E+00
 7.405406E+00  6.312528E+00
 7.414415E+00  6.322786E+00
 7.423424E+00  6.333090E+00
 7.432433E+00  6.343439E+00
 7.441442E+00  6.353835E+00
 7.450451E+00  6.364275E+00
 7.459460E+00  6.374762E+00
 7.468469E+00  6.385295E+00
 7.477478E+00  6.395874E+00
 7.486487E+00  6.406499E+00
 7.495496E+00  6.417171E+00
 7.504505E+00  6.427888E+00
 7.513514E+00  6.438653E+00
 7.522523E+00  6.449463E+00
 7.531532E+00  6.460321E+00
 7.540541E+00  6.471225E+00
 7.549550E+00  6.482176E+00
 7.558559E+00  6.493174E+00
 7.567568E+00  6.504219E+00
 7.576577E+00  6.515311E+00
 7.585586E+00  6.526450E+00
 7.594595E+00  6.537636E+00
 7.603604E+00  6.548870E+00
 7.612613E+00  6.560152E+00
 7.621622E+00  6.571481E+00
 7.630631E+00  6.582857E+00
 7.639640E+00  6.594282E+00
 7.648649E+00  6.605754E+00
 7.657658E+00  6.617274E+00
 7.666667E+00  6.628843E+00
 7.675676E+00  6.640459E+00
 7.684685E+00  6.652124E+00
 7.693694E+00  6.663837E+00
 7.702703E+00  6.675598E+00
 7.711712E+00  6.687408E+00
 7.720721E+00  6.699267E+00
 7.729730E+00  6.711174E+00
 7.738739E+00  6.723130E+00
 7.747748E+00  6.735135E+00
 7.756757E+00  6.747189E+00
 7.765766E+00  6.759292E+00
 7.774775E+00  6.771444E+00
 7.783784E+00  6.783646E+00
 7.792793E+00  6.795897E+00
 7.801802E+00  6.808197E+00
 7.810811E+00  6.820547E+00
 7.819820E+00  6.832946E+00
 7.828829E+00  6.845395E+00
 7.837838E+00  6.857894E+00
 7.846847E+00  6.870443E+00
 7.855856E+00  6.883042E+00
 7.864865E+00  6.895691E+00
 7.873874E+00  6.908391E+00
 7.882883E+00  6.921140E+00
 7.891892E+00  6.933940E+00
 7.900901E+00  6.946791E+00
 7.909910E+00  6.959692E+00
 7.918919E+00  6.972643E+00
 7.927928E+00  6.985646E+00
 7.936937E+00  6.998699E+00
 7.945946E+00  7.011803E+00
 7.954955E+00  7.024959E+00
 7.963964E+00  7.038165E+00
 7.972973E+00  7.051423E+00
 7.981982E+00  7.064732E+00
 7.990991E+00  7.078092E+00
 8.000000E+00  7.091504E+00
 8.009009E+00  7.104968E+00
 8.018018E+00  7.118483E+00
 8.027027E+00  7.132050E+00
 8.036036E+00  7.145669E+00
 8.045045E+00  7.159340E+00
 8.054054E+00  7.173063E+00
 8.063063E+00  7.186838E+00
 8.072072E+00  7.200665E+00
 8.081081E+00  7.214545E+00
 8.090090E+00  7.228477E+00
 8.099099E+00  7.242462E+00
 8.108108E+00  7.256499E+00
 8.117117E+00  7.270589E+00
 8.126126E+00  7.284732E+00
 8.135135E+00  7.298928E+00
 8.144144E+00  7.313177E+00
 8.153153E+00  7.327479E+00
 8.162162E+00  7.341834E+00
 8.171171E+00  7.356242E+00
 8.180180E+00  7.370704E+00
 8.189189E+00  7.385219E+00
 8.198198E+00  7.399788E+00
 8.207207E+00  7.414411E+00
 8.216216E+00  7.429087E+00
 8.225225E+00  7.443817E+00
 8.234234E+00  7.458601E+00
 8.243243E+00  7.473439E+00
 8.252252E+00  7.488332E+00
 8.261261E+00  7.503278E+00
 8.270270E+00  7.518279E+00
 8.279279E+00  7.533334E+00
 8.288288E+00  7.548444E+00
 8.297297E+00  7.563608E+00
 8.306306E+00  7.578827E+00
 8.315315E+00  7.594101E+00
 8.324325E+00  7.609430E+00
 8.333334E+00  7.624814E+00
 8.342343E+00  7.640252E+00
 8.351352E+00  7.655746E+00
 8.360361E+00  7.671295E+00
 8.369370E+00  7.686900E+00
 8.378379E+00  7.702560E+00
 8.387388E+00  7.718275E+00
 8.396397E+00  7.734046E+00
 8.405406E+00  7.749873E+00
 8.414415E+00  7.765756E+00
 8.423424E+00  7.781694E+00
 8.432433E+00  7.797689E+00
 8.441442E+00  7.813740E+00
 8.450451E+00  7.829847E+00
 8.459460E+00  7.846010E+00
 8.468469E+00  7.862229E+00
 8.477478E+00  7.878505E+00
 8.486487E+00  7.894838E+00
 8.495496E+00  7.911227E+00
 8.504505E+00  7.927673E+00
 8.513514E+00  7.944176E+00
 8.522523E+00  7.960736E+00
 8.531532E+00  7.977352E+00
 8.540541E+00  7.994026E+00
 8.549550E+00  8.010757E+00
 8.558559E+00  8.027546E+00
 8.567568E+00  8.044392E+00
 8.576577E+00  8.061295E+00
 8.585586E+00  8.078256E+00
 8.594595E+00  8.095275E+00
 8.603604E+00  8.112351E+00
 8.612613E+00  8.129486E+00
 8.621622E+00  8.146678E+00
 8.630631E+00  8.163928E+00
 8.639640E+00  8.181237E+00
 8.648649E+00  8.198603E+00
 8.657658E+00  8.216029E+00
 8.666667E+00  8.233512E+00
 8.675676E+00  8.251054E+00
 8.684685E+00  8.268655E+00
 8.693694E+00  8.286314E+00
 8.702703E+00  8.304033E+00
 8.711712E+00  8.321810E+00
 8.720721E+00  8.339646E+00
 8.729730E+00  8.357541E+00
 8.738739E+00  8.375495E+00
 8.747748E+00  8.393509E+00
 8.756757E+00  8.411582E+00
 8.765766E+00  8.429715E+00
 8.774775E+00  8.447907E+00
 8.783784E+00  8.466159E+00
 8.792793E+00  8.484470E+00
 8.801802E+00  8.502841E+00
 8.810811E+00  8.521273E+00
 8.819820E+00  8.539764E+00
 8.828829E+00  8.558315E+00
 8.837838E+00  8.576927E+00
 8.846847E+00  8.595599E+00
 8.855856E+00  8.614331E+00
 8.864865E+00  8.633124E+00
 8.873874E+00  8.651978E+00
 8.882883E+00  8.670892E+00
 8.891892E+00  8.689867E+00
 8.900901E+00  8.708903E+00
 8.909910E+00  8.727999E+00
 8.918919E+00  8.747157E+00
 8.927928E+00  8.766376E+00
 8.936937E+00  8.785656E+00
 8.945946E+00  8.804998E+00
 8.954955E+00  8.824401E+00
 8.963964E+00  8.843865E+00
 8.972973E+00  8.863391E+00
 8.981982E+00  8.882979E+00
 8.990991E+00  8.902629E+00
 9.000000E+00  8.922340E+00
 9.009009E+00  8.942114E+00
 9.018018E+00  8.961950E+00
 9.027027E+00  8.981847E+00
 9.036036E+00  9.001807E+00
 9.045045E+00  9.021830E+00
 9.054054E+00  9.041915E+00
 9.063063E+00  9.062062E+00
 9.072072E+00  9.082272E+00
 9.081081E+00  9.102545E+00
 9.090090E+00  9.122881E+00
 9.099099E+00  9.143280E+00
 9.108108E+00  9.163741E+00
 9.117117E+00  9.184266E+00
 9.126126E+00  9.204854E+00
 9.135135E+00  9.225505E+00
 9.144144E+00  9.246220E+00
 9.153153E+00  9.266998E+00
 9.162162E+00  9.287840E+00
 9.171171E+00  9.308745E+00
 9.180180E+00  9.329715E+00
 9.189189E+00  9.350748E+00
 9.198198E+00  9.371845E+00
 9.207207E+00  9.393006E+00
 9.216216E+00  9.414231E+00
 9.225225E+00  9.435521E+00
 9.234234E+00  9.456874E+00
 9.243243E+00  9.478293E+00
 9.252252E+00  9.499775E+00
 9.261261E+00  9.521323E+00
 9.270270E+00  9.542935E+00
 9.279279E+00  9.564612E+00
 9.288288E+00  9.586354E+00
 9.297297E+00  9.608160E+00
 9.306307E+00  9.630032E+00
 9.315316E+00  9.651969E+00
 9.324325E+00  9.673972E+00
 9.333334E+00  9.696039E+00
 9.342343E+00  9.718172E+00
 9.351352E+00  9.740371E+00
 9.360361E+00  9.762635E+00
 9.369370E+00  9.784965E+00
 9.378379E+00  9.807361E+00
 9.387388E+00  9.829823E+00
 9.396397E+00  9.852351E+00
 9.405406E+00  9.874945E+00
 9.414415E+00  9.897605E+00
 9.423424E+00  9.920332E+00
 9.432433E+00  9.943124E+00
 9.441442E+00  9.965984E+00
 9.450451E+00  9.988910E+00
 9.459460E+00  1.001190E+01
 9.468469E+00  1.003496E+01
 9.477478E+00  1.005809E+01
 9.486487E+00  1.008128E+01
 9.495496E+00  1.010454E+01
 9.504505E+00  1.012787E+01
 9.513514E+00  1.015126E+01
 9.522523E+00  1.017473E+01
 9.531532E+00  1.019825E+01
 9.540541E+00  1.022185E+01
 9.549550E+00  1.024552E+01
 9.558559E+00  1.026925E+01
 9.567568E+00  1.029305E+01
 9.576577E+00  1.031692E+01
 9.585586E+00  1.034085E+01
 9.594595E+00  1.036486E+01
 9.603604E+00  1.038893E+01
 9.612613E+00  1.041307E+01
 9.621622E+00  1.043728E+01
 9.630631E+00  1.046155E+01
 9.639640E+00  1.048590E+01
 9.648649E+00  1.051031E+01
 9.657658E+00  1.053480E+01
 9.666667E+00  1.055935E+01
 9.675676E+00  1.058397E+01
 9.684685E+00  1.060866E+01
 9.693694E+00  1.063342E+01
 9.702703E+00  1.065825E+01
 9.711712E+00  1.068314E+01
 9.720721E+00  1.070811E+01
 9.729730E+00  1.073315E+01
 9.738739E+00  1.075825E+01
 9.747748E+00  1.078343E+01
 9.756757E+00  1.080867E+01
 9.765766E+00  1.083399E+01
 9.774775E+00  1.085938E+01
 9.783784E+00  1.088483E+01
 9.792793E+00  1.091036E+01
 9.801802E+00  1.093595E+01
 9.810811E+00  1.096162E+01
 9.819820E+00  1.098735E+01
 9.828829E+00  1.101316E+01
 9.837838E+00  1.103904E+01
 9.846847E+00  1.106499E+01
 9.855856E+00  1.109100E+01
 9.864865E+00  1.111709E+01
 9.873874E+00  1.114326E+01
 9.882883E+00  1.116949E+01
 9.891892E+00  1.119579E+01
 9.900901E+00  1.122216E+01
 9.909910E+00  1.124861E+01
 9.918919E+00  1.127513E+01
 9.927928E+00  1.130172E+01
 9.936937E+00  1.132838E+01
 9.945946E+00  1.135511E+01
 9.954955E+00  1.138191E+01
 9.963964E+00  1.140879E+01
 9.972973E+00  1.143574E+01
 9.981982E+00  1.146275E+01
 9.990991E+00  1.148985E+01
 1.000000E+01  1.151701E+01
