   1.0000000000000000        1864.2710871049599     
   1.0290290284901857        1857.9632925132635     
   1.0580580569803715        1851.6697426979874     
   1.0870870854705572        1845.3904215570803     
   1.1161161139607430        1839.1253129884924     
   1.1451451424509287        1832.8744008901729     
   1.1741741709411144        1826.6376691600710     
   1.2032031994313002        1820.4151016961355     
   1.2322322279214859        1814.2066823963171     
   1.2612612564116716        1808.0123951585642     
   1.2902902849018574        1801.8322238808264     
   1.3193193133920431        1795.6661524610538     
   1.3483483418822289        1789.5141647971943     
   1.3773773703724146        1783.3762447871989     
   1.4064063988626003        1777.2523763290164     
   1.4354354273527861        1771.1425433205959     
   1.4644644558429718        1765.0467296598865     
   1.4934934843331575        1758.9649192448387     
   1.5225225128233433        1752.8970959734011     
   1.5515515413135290        1746.8432437435229     
   1.5805805698037148        1740.8033464531545     
   1.6096095982939005        1734.7773880002442     
   1.6386386267840862        1728.7653522827422     
   1.6676676552742720        1722.7672231985971     
   1.6966966837644577        1716.7829846457591     
   1.7257257122546434        1710.8126205221772     
   1.7547547407448292        1704.8561147258010     
   1.7837837692350149        1698.9134511545797     
   1.8128127977252007        1692.9846137064628     
   1.8418418262153864        1687.0695862793991     
   1.8708708547055721        1681.1683527713392     
   1.8998998831957579        1675.2808970802316     
   1.9289289116859436        1669.4072031040262     
   1.9579579401761293        1663.5472547406719     
   1.9869869686663151        1657.7010358881182     
   2.0160159971565008        1651.8685304443147     
   2.0450450256466866        1646.0497223072107     
   2.0740740541368723        1640.2445953747556     
   2.1031030826270580        1634.4531335448989     
   2.1321321111172438        1628.6753207155900     
   2.1611611396074295        1622.9111407847779     
   2.1901901680976152        1617.1605776504127     
   2.2192191965878010        1611.4236152104434     
   2.2482482250779867        1605.7002373628191     
   2.2772772535681725        1599.9904280054893     
   2.3063062820583582        1594.2941710364039     
   2.3353353105485439        1588.6114503535121     
   2.3643643390387297        1582.9422498547628     
   2.3933933675289154        1577.2865534381065     
   2.4224223960191011        1571.6443450014910     
   2.4514514245092869        1566.0156084428670     
   2.4804804529994726        1560.4003276601836     
   2.5095094814896584        1554.7984865513897     
   2.5385385099798441        1549.2100690144355     
   2.5675675384700298        1543.6350589472697     
   2.5965965669602156        1538.0734402478420     
   2.6256255954504013        1532.5251968141017     
   2.6546546239405870        1526.9903125439982     
   2.6836836524307728        1521.4687713354811     
   2.7127126809209585        1515.9605570864994     
   2.7417417094111443        1510.4656536950029     
   2.7707707379013300        1504.9840450589409     
   2.7997997663915157        1499.5157150762625     
   2.8288287948817015        1494.0606476449175     
   2.8578578233718872        1488.6188266628549     
   2.8868868518620729        1483.1902360280246     
   2.9159158803522587        1477.7748596383756     
   2.9449449088424444        1472.3726813918574     
   2.9739739373326302        1466.9836851864195     
   3.0030029658228159        1461.6078549200111     
   3.0320319943130016        1456.2451744905818     
   3.0610610228031874        1450.8956277960808     
   3.0900900512933731        1445.5591987344576     
   3.1191190797835588        1440.2358712036616     
   3.1481481082737446        1434.9256291016422     
   3.1771771367639303        1429.6284563263489     
   3.2062061652541161        1424.3443367757309     
   3.2352351937443018        1419.0732543477375     
   3.2642642222344875        1413.8151929403184     
   3.2932932507246733        1408.5701364514230     
   3.3223222792148590        1403.3380687790004     
   3.3513513077050447        1398.1189738210001     
   3.3803803361952305        1392.9128354753716     
   3.4094093646854162        1387.7196376400645     
   3.4384383931756020        1382.5393642130277     
   3.4674674216657877        1377.3719990922109     
   3.4964964501559734        1372.2175261755635     
   3.5255254786461592        1367.0759293610345     
   3.5545545071363449        1361.9471925465741     
   3.5835835356265306        1356.8312996301313     
   3.6126125641167164        1351.7282345096548     
   3.6416415926069021        1346.6379810830952     
   3.6706706210970879        1341.5605232484011     
   3.6996996495872736        1336.4958449035221     
   3.7287286780774593        1331.4439299464077     
   3.7577577065676451        1326.4047622750072     
   3.7867867350578308        1321.3783257872701     
   3.8158157635480165        1316.3646043811452     
   3.8448447920382023        1311.3635819545830     
   3.8738738205283880        1306.3752424055322     
   3.9029028490185738        1301.3995696319421     
   3.9319318775087595        1296.4365475317622     
   3.9609609059989452        1291.4861600029424     
   3.9899899344891310        1286.5483909434315     
   4.0190189629793167        1281.6232242511787     
   4.0480479914695024        1276.7106438241340     
   4.0770770199596882        1271.8106335602470     
   4.1061060484498739        1266.9231773574661     
   4.1351350769400597        1262.0482591137413     
   4.1641641054302454        1257.1858627270226     
   4.1931931339204311        1252.3359720952583     
   4.2222221624106169        1247.4985711163984     
   4.2512511909008026        1242.6736436883918     
   4.2802802193909883        1237.8611737091885     
   4.3093092478811741        1233.0611450767376     
   4.3383382763713598        1228.2735416889884     
   4.3673673048615456        1223.4983474438907     
   4.3963963333517313        1218.7355462393934     
   4.4254253618419170        1213.9851219734464     
   4.4544543903321028        1209.2470585439985     
   4.4834834188222885        1204.5213398489998     
   4.5125124473124743        1199.8079497863989     
   4.5415414758026600        1195.1068722541459     
   4.5705705042928457        1190.4180911501899     
   4.5995995327830315        1185.7415903724800     
   4.6286285612732172        1181.0773538189662     
   4.6576575897634029        1176.4253653875978     
   4.6866866182535887        1171.7856089763236     
   4.7157156467437744        1167.1580684830938     
   4.7447446752339602        1162.5427278058571     
   4.7737737037241459        1157.9395708425629     
   4.8028027322143316        1153.3485814911614     
   4.8318317607045174        1148.7697436496012     
   4.8608607891947031        1144.2030412158322     
   4.8898898176848888        1139.6484580878034     
   4.9189188461750746        1135.1059781634644     
   4.9479478746652603        1130.5755853407645     
   4.9769769031554461        1126.0572635176534     
   5.0060059316456318        1121.5509965920799     
   5.0350349601358175        1117.0567684619941     
   5.0640639886260033        1112.5745630253448     
   5.0930930171161890        1108.1043641800816     
   5.1221220456063747        1103.6461558241542     
   5.1511510740965605        1099.1999218555115     
   5.1801801025867462        1094.7656461721035     
   5.2092091310769320        1090.3433126718787     
   5.2382381595671177        1085.9329052527874     
   5.2672671880573034        1081.5344078127787     
   5.2962962165474892        1077.1478042498018     
   5.3253252450376749        1072.7730784618061     
   5.3543542735278606        1068.4102143467412     
   5.3833833020180464        1064.0591958025566     
   5.4124123305082321        1059.7200067272013     
   5.4414413589984179        1055.3926310186250     
   5.4704703874886036        1051.0770525747769     
   5.4994994159787893        1046.7732552936066     
   5.5285284444689751        1042.4812230730631     
   5.5575574729591608        1038.2009398110963     
   5.5865865014493465        1033.9323894056554     
   5.6156155299395323        1029.6755557546901     
   5.6446445584297180        1025.4304227561490     
   5.6736735869199038        1021.1969743079823     
   5.7027026154100895        1016.9751943081388     
   5.7317316439002752        1012.7650666545684     
   5.7607606723904610        1008.5665752452201     
   5.7897897008806467        1004.3797039780435     
   5.8188187293708324        1000.2044367509882     
   5.8478477578610182        996.04075746200283     
   5.8768767863512039        991.88865000903763     
   5.9059058148413897        987.74809829004187     
   5.9349348433315754        983.61908620296447     
   5.9639638718217611        979.50159764575506     
   5.9929929003119469        975.39561651636325     
   6.0220219288021326        971.30112671273821     
   6.0510509572923183        967.21811213282945     
   6.0800799857825041        963.14655667458646     
   6.1091090142726898        959.08644423595831     
   6.1381380427628756        955.03775871489472     
   6.1671670712530613        951.00048400934463     
   6.1961960997432470        946.97460401725812     
   6.2252251282334328        942.96010263658388     
   6.2542541567236185        938.95696376527201     
   6.2832831852138042        934.96517130127143     
   6.3123122137039900        930.98470914253141     
   6.3413412421941757        927.01556118700194     
   6.3703702706843615        923.05771133263181     
   6.3993992991745472        919.11114347737055     
   6.4284283276647329        915.17584151916788     
   6.4574573561549187        911.25178935597296     
   6.4864863846451044        907.33897088573542     
   6.5155154131352901        903.43737000640431     
   6.5445444416254759        899.54697061592901     
   6.5735734701156616        895.66775661225915     
   6.6026024986058474        891.79971189334412     
   6.6316315270960331        887.94282035713320     
   6.6606605555862188        884.09706590157589     
   6.6896895840764046        880.26243242462158     
   6.7187186125665903        876.43890382421944     
   6.7477476410567760        872.62646399831920     
   6.7767766695469618        868.82509684486990     
   6.8058056980371475        865.03478626182141     
   6.8348347265273333        861.25551614712276     
   6.8638637550175190        857.48727039872335     
   6.8928927835077047        853.73003291457280     
   6.9219218119978905        849.98378759262027     
   6.9509508404880762        846.24851833081527     
   6.9799798689782619        842.52420902710719     
   7.0090088974684477        838.81084357944553     
   7.0380379259586334        835.10840588577946     
   7.0670669544488192        831.41687984405849     
   7.0960959829390049        827.73624935223211     
   7.1251250114291906        824.06649830824961     
   7.1541540399193764        820.40761061006026     
   7.1831830684095621        816.75957015561380     
   7.2122120968997478        813.12236084285928     
   7.2412411253899336        809.49596656974643     
   7.2702701538801193        805.88037123422430     
   7.2992991823703051        802.27555873424251     
   7.3283282108604908        798.68151296775034     
   7.3573572393506765        795.09821783269740     
   7.3863862678408623        791.52565722703275     
   7.4154152963310480        787.96381504870601     
   7.4444443248212337        784.41267519566668     
   7.4734733533114195        780.87222156586381     
   7.5025023818016052        777.34243805724702     
   7.5315314102917910        773.82330856776571     
   7.5605604387819767        770.31481699536937     
   7.5895894672721624        766.81694723800706     
   7.6186184957623482        763.32968319362840     
   7.6476475242525339        759.85300876018289     
   7.6766765527427197        756.38690783561981     
   7.7057055812329054        752.93136431788855     
   7.7347346097230911        749.48636210493851     
   7.7637636382132769        746.05188509471907     
   7.7927926667034626        742.62791718517963     
   7.8218216951936483        739.21444227426969     
   7.8508507236838341        735.81144425993841     
   7.8798797521740198        732.41890704013554     
   7.9089087806642056        729.03681451281022     
   7.9379378091543913        725.66515057591175     
   7.9669668376445770        722.30389912738985     
   7.9959958661347628        718.95304406519358     
   8.0250248946249485        715.61256928727255     
   8.0540539231151342        712.28245869157604     
   8.0830829516053200        708.96269617605367     
   8.1121119800955057        705.65326563865472     
   8.1411410085856915        702.35415097732846     
   8.1701700370758772        699.06533609002429     
   8.1991990655660629        695.78680487469182     
   8.2282280940562487        692.51854122928012     
   8.2572571225464344        689.26052905173890     
   8.2862861510366201        686.01275224001756     
   8.3153151795268059        682.77519469206527     
   8.3443442080169916        679.54784030583153     
   8.3733732365071774        676.33067297926561     
   8.4024022649973631        673.12367661031726     
   8.4314312934875488        669.92683509693552     
   8.4604603219777346        666.74013233707001     
   8.4894893504679203        663.56355222866989     
   8.5185183789581060        660.39707866968479     
   8.5475474074482918        657.24069555806398     
   8.5765764359384775        654.09438679175685     
   8.6056054644286633        650.95813626871302     
   8.6346344929188490        647.83192788688154     
   8.6636635214090347        644.71574554421193     
   8.6926925498992205        641.60957313865379     
   8.7217215783894062        638.51339456815629     
   8.7507506068795919        635.42719373066893     
   8.7797796353697777        632.35095452414089     
   8.8088086638599634        629.28466084652189     
   8.8378376923501492        626.22829659576121     
   8.8668667208403349        623.18184566980813     
   8.8958957493305206        620.14529196661226     
   8.9249247778207064        617.11861938412278     
   8.9539538063108921        614.10181182028919     
   8.9829828348010778        611.09485317306076     
   9.0120118632912636        608.09772734038722     
   9.0410408917814493        605.11041822021753     
   9.0700699202716351        602.13290971050139     
   9.0990989487618208        599.16518570918811     
   9.1281279772520065        596.20723011422717     
   9.1571570057421923        593.25902682356786     
   9.1861860342323780        590.32055973515946     
   9.2152150627225637        587.39181274695147     
   9.2442440912127495        584.47276975689351     
   9.2732731197029352        581.56341466293463     
   9.3023021481931210        578.66373136302445     
   9.3313311766833067        575.77370375511236     
   9.3603602051734924        572.89331573714776     
   9.3893892336636782        570.02255120707991     
   9.4184182621538639        567.16139406285822     
   9.4474472906440496        564.30982820243207     
   9.4764763191342354        561.46783752375109     
   9.5055053476244211        558.63540592476443     
   9.5345343761146069        555.81251730342171     
   9.5635634046047926        552.99915555767200     
   9.5925924330949783        550.19530458546501     
   9.6216214615851641        547.40094828474992     
   9.6506504900753498        544.61607055347633     
   9.6796795185655355        541.84065528959343     
   9.7087085470557213        539.07468639105070     
   9.7377375755459070        536.31814775579767     
   9.7667666040360928        533.57102328178348     
   9.7957956325262785        530.83329686695777     
   9.8248246610164642        528.10495240926980     
   9.8538536895066500        525.38597380666909     
   9.8828827179968357        522.67634495710467     
   9.9119117464870214        519.97604975852664     
   9.9409407749772072        517.28507210888358     
   9.9699698034673929        514.60339590612534     
   9.9989988319575787        511.93100504820137     
   10.028027860447764        509.26788343306089     
   10.057056888937950        506.61401495865334     
   10.086085917428136        503.96938352292818     
   10.115114945918322        501.33397302383474     
   10.144143974408507        498.70776735932242     
   10.173173002898693        496.09075042734059     
   10.202202031388879        493.48290612583861     
   10.231231059879065        490.88421835276614     
   10.260260088369250        488.29467100607218     
   10.289289116859436        485.71424798370646     
   10.318318145349622        483.14293318361831     
   10.347347173839808        480.58071050375696     
   10.376376202329993        478.02756384207197     
   10.405405230820179        475.48347709651262     
   10.434434259310365        472.94843416502840     
   10.463463287800550        470.42241894556867     
   10.492492316290736        467.90541533608274     
   10.521521344780922        465.39740723452019     
   10.550550373271108        462.89837853883034     
   10.579579401761293        460.40831314696254     
   10.608608430251479        457.92719495686623     
   10.637637458741665        455.45500786649075     
   10.666666487231851        452.99173577378565     
   10.695695515722036        450.53736257670005     
   10.724724544212222        448.09187217318362     
   10.753753572702408        445.65524846118558     
   10.782782601192594        443.22747533865544     
   10.811811629682779        440.80853670354247     
   10.840840658172965        438.39841645379624     
   10.869869686663151        435.99709848736603     
   10.898898715153337        433.60456670220128     
   10.927927743643522        431.22080499625133     
   10.956956772133708        428.84579726746557     
   10.985985800623894        426.47952741379345     
   11.015014829114079        424.12197933318441     
   11.044043857604265        421.77313692358774     
   11.073072886094451        419.43298408295288     
   11.102101914584637        417.10150470922929     
   11.131130943074822        414.77868270036629     
   11.160159971565008        412.46450195431328     
   11.189189000055194        410.15894636901970     
   11.218218028545380        407.86199984243490     
   11.247247057035565        405.57364627250831     
   11.276276085525751        403.29386955718928     
   11.305305114015937        401.02265359442725     
   11.334334142506123        398.75998228217162     
   11.363363170996308        396.50583951837177     
   11.392392199486494        394.26020920097710     
   11.421421227976680        392.02307522793700     
   11.450450256466866        389.79442149720086     
   11.479479284957051        387.57423190671813     
   11.508508313447237        385.36249035443808     
   11.537537341937423        383.15918073831028     
   11.566566370427608        380.96428695628401     
   11.595595398917794        378.77779290630866     
   11.624624427407980        376.59968248633373     
   11.653653455898166        374.42993959430845     
   11.682682484388351        372.26854812818237     
   11.711711512878537        370.11549198590484     
   11.740740541368723        367.97075506542524     
   11.769769569858909        365.83432126469296     
   11.798798598349094        363.70617448165740     
   11.827827626839280        361.58629861426795     
   11.856856655329466        359.47467756047405     
   11.885885683819652        357.37129521822504     
   11.914914712309837        355.27613548547038     
   11.943943740800023        353.18918226015944     
   11.972972769290209        351.11041944024151     
   12.002001797780395        349.03983092366622     
   12.031030826270580        346.97740060838277     
   12.060059854760766        344.92311239234061     
   12.089088883250952        342.87695017348915     
   12.118117911741138        340.83889784977777     
   12.147146940231323        338.80893931915585     
   12.176175968721509        336.78705847957286     
   12.205204997211695        334.77323922897813     
   12.234234025701880        332.76746546532110     
   12.263263054192066        330.76972108655110     
   12.292292082682252        328.77998999061759     
   12.321321111172438        326.79825607546996     
   12.350350139662623        324.82450323905755     
   12.379379168152809        322.85871537932979     
   12.408408196642995        320.90087639423615     
   12.437437225133181        318.95097018172589     
   12.466466253623366        317.00898063974853     
   12.495495282113552        315.07489166625345     
   12.524524310603738        313.14868715918993     
   12.553553339093924        311.23035101650743     
   12.582582367584109        309.31986713615544     
   12.611611396074295        307.41721941608324     
   12.640640424564481        305.52239175424029     
   12.669669453054667        303.63536804857591     
   12.698698481544852        301.75613219703956     
   12.727727510035038        299.88466809758069     
   12.756756538525224        298.02095964814856     
   12.785785567015409        296.16499074669269     
   12.814814595505595        294.31674529116242     
   12.843843623995781        292.47620717950713     
   12.872872652485967        290.64336030967621     
   12.901901680976152        288.81818857961912     
   12.930930709466338        287.00067588728518     
   12.959959737956524        285.19080613062391     
   12.988988766446710        283.38856320758453     
   13.018017794936895        281.59393101611658     
   13.047046823427081        279.80689345416937     
   13.076075851917267        278.02743441969238     
   13.105104880407453        276.25553781063496     
   13.134133908897638        274.49118752494644     
   13.163162937387824        272.73436746057638     
   13.192191965878010        270.98506151547394     
   13.221220994368196        269.24325358758875     
   13.250250022858381        267.50892757487014     
   13.279279051348567        265.78206737526739     
   13.308308079838753        264.06265688673005     
   13.337337108328938        262.35068000720747     
   13.366366136819124        260.64612063464898     
   13.395395165309310        258.94896266700397     
   13.424424193799496        257.25919000222200     
   13.453453222289681        255.57678653825229     
   13.482482250779867        253.90173617304430     
   13.511511279270053        252.23402280454746     
   13.540540307760239        250.57363033071113     
   13.569569336250424        248.92054264948473     
   13.598598364740610        247.27474365881761     
   13.627627393230796        245.63621725665917     
   13.656656421720982        244.00494734095889     
   13.685685450211167        242.38091780966610     
   13.714714478701353        240.76411256073013     
   13.743743507191539        239.15451549210053     
   13.772772535681725        237.55211050172659     
   13.801801564171910        235.95688148755772     
   13.830830592662096        234.36881234754335     
   13.859859621152282        232.78788697963287     
   13.888888649642467        231.21408928177561     
   13.917917678132653        229.64740315192111     
   13.946946706622839        228.08781248801859     
   13.975975735113025        226.53530118801757     
   14.005004763603210        224.98985314986740     
   14.034033792093396        223.45145227151752     
   14.063062820583582        221.92008245091722     
   14.092091849073768        220.39572758601602     
   14.121120877563953        218.87837157476326     
   14.150149906054139        217.36799831510831     
   14.179178934544325        215.86459170500063     
   14.208207963034511        214.36813564238960     
   14.237236991524696        212.87861402522452     
   14.266266020014882        211.39601075145498     
   14.295295048505068        209.92030971903020     
   14.324324076995254        208.45149482589963     
   14.353353105485439        206.98954997001266     
   14.382382133975625        205.53445904931874     
   14.411411162465811        204.08620596176729     
   14.440440190955997        202.64477460530756     
   14.469469219446182        201.21014887788903     
   14.498498247936368        199.78231267746114     
   14.527527276426554        198.36124990197320     
   14.556556304916739        196.94694444937468     
   14.585585333406925        195.53938021761496     
   14.614614361897111        194.13854110464339     
   14.643643390387297        192.74441100840946     
   14.672672418877482        191.35697382686246     
   14.701701447367668        189.97621345795181     
   14.730730475857854        188.60211379962698     
   14.759759504348040        187.23465874983731     
   14.788788532838225        185.87383220653220     
   14.817817561328411        184.51961806766104     
   14.846846589818597        183.17200023117320     
   14.875875618308783        181.83096259501815     
   14.904904646798968        180.49648905714525     
   14.933933675289154        179.16856351550391     
   14.962962703779340        177.84716986804349     
   14.991991732269526        176.53229201271344     
   15.021020760759711        175.22391384746308     
   15.050049789249897        173.92201927024189     
   15.079078817740083        172.62659217899920     
   15.108107846230268        171.33761647168444     
   15.137136874720454        170.05507604624700     
   15.166165903210640        168.77895480063628     
   15.195194931700826        167.50923663280167     
   15.224223960191011        166.24590544069261     
   15.253252988681197        164.98894512225837     
   15.282282017171383        163.73833957544849     
   15.311311045661569        162.49407269821231     
   15.340340074151754        161.25612838849921     
   15.369369102641940        160.02449054425861     
   15.398398131132126        158.79914306343991     
   15.427427159622312        157.58006984399248     
   15.456456188112497        156.36725478386575     
   15.485485216602683        155.16068178100906     
   15.514514245092869        153.96033473337187     
   15.543543273583055        152.76619753890355     
   15.572572302073240        151.57825409555349     
   15.601601330563426        150.39648830127109     
   15.630630359053612        149.22088405400581     
   15.659659387543797        148.05142525170692     
   15.688688416033983        146.88809579232390     
   15.717717444524169        145.73087957380611     
   15.746746473014355        144.57976049410300     
   15.775775501504540        143.43472245116391     
   15.804804529994726        142.29574934293828     
   15.833833558484912        141.16282506737548     
   15.862862586975098        140.03593352242490     
   15.891891615465283        138.91505860603593     
   15.920920643955469        137.80018421615802     
   15.949949672445655        136.69129425074050     
   15.978978700935841        135.58837260773282     
   16.008007729426026        134.49140318508438     
   16.037036757916212        133.40036988074451     
   16.066065786406398        132.31525659266265     
   16.095094814896584        131.23604721878820     
   16.124123843386769        130.16272565707055     
   16.153152871876955        129.09527580545912     
   16.182181900367141        128.03368156190325     
   16.211210928857327        126.97792682435237     
   16.240239957347512        125.92799549075590     
   16.269268985837698        124.88387145906319     
   16.298298014327884        123.84553862722366     
   16.327327042818069        122.81298089318673     
   16.356356071308255        121.78618215490177     
   16.385385099798441        120.76512631031815     
   16.414414128288627        119.74979725738531     
   16.443443156778812        118.74017889405260     
   16.472472185268998        117.73625511826950     
   16.501501213759184        116.73800982798532     
   16.530530242249370        115.74542692114952     
   16.559559270739555        114.75849029571143     
   16.588588299229741        113.77718384962049     
   16.617617327719927        112.80149148082612     
   16.646646356210113        111.83139708727765     
   16.675675384700298        110.86688456692453     
   16.704704413190484        109.90793781771615     
   16.733733441680670        108.95454073760186     
   16.762762470170856        108.00667722453112     
   16.791791498661041        107.06433117645328     
   16.820820527151227        106.12748649131778     
   16.849849555641413        105.19612706707397     
   16.878878584131598        104.27023680167129     
   16.907907612621784        103.34979959305909     
   16.936936641111970        102.43479933918681     
   16.965965669602156        101.52521993800381     
   16.994994698092341        100.62104528745951     
   17.024023726582527        99.722259285503327     
   17.053052755072713        98.828845830084603     
   17.082081783562899        97.940788819152758     
   17.111110812053084        97.058072150657196     
   17.140139840543270        96.180679722547310     
   17.169168869033456        95.308595432772506     
   17.198197897523642        94.441803179282147     
   17.227226926013827        93.580286860025680     
   17.256255954504013        92.724030372952470     
   17.285284982994199        91.873017616011921     
   17.314314011484385        91.027232487153398     
   17.343343039974570        90.186658884326349     
   17.372372068464756        89.351280705480150     
   17.401401096954942        88.521081848564194     
   17.430430125445127        87.696046211527872     
   17.459459153935313        86.876157692320589     
   17.488488182425499        86.061400188891739     
   17.517517210915685        85.251757599190711     
   17.546546239405870        84.447213821166912     
   17.575575267896056        83.647752752769748     
   17.604604296386242        82.853358291948595     
   17.633633324876428        82.064014336652860     
   17.662662353366613        81.279704784831949     
   17.691691381856799        80.500413534435211     
   17.720720410346985        79.726124483412107     
   17.749749438837171        78.956821529712002     
   17.778778467327356        78.192488571284287     
   17.807807495817542        77.433109506078381     
   17.836836524307728        76.678668232043648     
   17.865865552797914        75.929148647129495     
   17.894894581288099        75.184534649285354     
   17.923923609778285        74.444810136460575     
   17.952952638268471        73.709959006604578     
   17.981981666758657        72.979965157666740     
   18.011010695248842        72.254812487596482     
   18.040039723739028        71.534484894343194     
   18.069068752229214        70.818966275856255     
   18.098097780719399        70.108240530085098     
   18.127126809209585        69.402291554979072     
   18.156155837699771        68.701103248487613     
   18.185184866189957        68.004659508560096     
   18.214213894680142        67.312944233145927     
   18.243242923170328        66.625941320194499     
   18.272271951660514        65.943634667655203     
   18.301300980150700        65.266008173477445     
   18.330330008640885        64.593045735610616     
   18.359359037131071        63.924731252004115     
   18.388388065621257        63.261048620607333     
   18.417417094111443        62.601981739369684     
   18.446446122601628        61.947514506240537     
   18.475475151091814        61.297630819169306     
   18.504504179582000        60.652314576105383     
   18.533533208072186        60.011549674998172     
   18.562562236562371        59.375320013797072     
   18.591591265052557        58.743609490451441     
   18.620620293542743        58.116402002910725     
   18.649649322032928        57.493681449124303     
   18.678678350523114        56.875431727041551     
   18.707707379013300        56.261636734611912     
   18.736736407503486        55.652280369784741     
   18.765765435993671        55.047346530509422     
   18.794794464483857        54.446819114735412     
   18.823823492974043        53.850682020412059     
   18.852852521464229        53.258919145488768     
   18.881881549954414        52.671514387914939     
   18.910910578444600        52.088451645639978     
   18.939939606934786        51.509714816613275     
   18.968968635424972        50.935287798784223     
   18.997997663915157        50.365154490102206     
   19.027026692405343        49.799298788516644     
   19.056055720895529        49.237704591976929     
   19.085084749385715        48.680355798432444     
   19.114113777875900        48.127236305832589     
   19.143142806366086        47.578330012126777     
   19.172171834856272        47.033620815264392     
   19.201200863346457        46.493092613194825     
   19.230229891836643        45.956729303867476     
   19.259258920326829        45.424514785231750     
   19.288287948817015        44.896432955237039     
   19.317316977307200        44.372467711832734     
   19.346346005797386        43.852602952968240     
   19.375375034287572        43.336822576592937     
   19.404404062777758        42.825110480656242     
   19.433433091267943        42.317450563107542     
   19.462462119758129        41.813826721896227     
   19.491491148248315        41.314222854971717     
   19.520520176738501        40.818622860283376     
   19.549549205228686        40.327010635780624     
   19.578578233718872        39.839370079412845     
   19.607607262209058        39.355685089129452     
   19.636636290699244        38.875939562879815     
   19.665665319189429        38.400117398613347     
   19.694694347679615        37.928202494279446     
   19.723723376169801        37.460178747827513     
   19.752752404659986        36.996030057206930     
   19.781781433150172        36.535740320367097     
   19.810810461640358        36.079293435257419     
   19.839839490130544        35.626673299827281     
   19.868868518620729        35.177863812026089     
   19.897897547110915        34.732848869803242     
   19.926926575601101        34.291612371108123     
   19.955955604091287        33.854138213890131     
   19.984984632581472        33.420410296098680     
   20.014013661071658        32.990412515683140     
   20.043042689561844        32.564128770592930     
   20.072071718052030        32.141542958777436     
   20.101100746542215        31.722638978186055     
   20.130129775032401        31.307400726768190     
   20.159158803522587        30.895812102473222     
   20.188187832012773        30.487857003250561     
   20.217216860502958        30.083519327049604     
   20.246245888993144        29.682782971819737     
   20.275274917483330        29.285631835510369     
   20.304303945973516        28.892049816070887     
   20.333332974463701        28.502020811450691     
   20.362362002953887        28.115528719599180     
   20.391391031444073        27.732557438465747     
   20.420420059934258        27.353090865999782     
   20.449449088424444        26.977112900150697     
   20.478478116914630        26.604607438867873     
   20.507507145404816        26.235558380100713     
   20.536536173895001        25.869949621798622     
   20.565565202385187        25.507765061910980     
   20.594594230875373        25.148988598387202     
   20.623623259365559        24.793604129176668     
   20.652652287855744        24.441595552228780     
   20.681681316345930        24.092946765492933     
   20.710710344836116        23.747641666918529     
   20.739739373326302        23.405664154454957     
   20.768768401816487        23.066998126051622     
   20.797797430306673        22.731627479657913     
   20.826826458796859        22.399536113223235     
   20.855855487287045        22.070707924696972     
   20.884884515777230        21.745126812028531     
   20.913913544267416        21.422776673167306     
   20.942942572757602        21.103641406062685     
   20.971971601247787        20.787704908664079     
   21.001000629737973        20.474951078920874     
   21.030029658228159        20.165363814782467     
   21.059058686718345        19.858927014198262     
   21.088087715208530        19.555624575117648     
   21.117116743698716        19.255440395490027     
   21.146145772188902        18.958358373264787     
   21.175174800679088        18.664362406391334     
   21.204203829169273        18.373436392819059     
   21.233232857659459        18.085564230497358     
   21.262261886149645        17.800729817375633     
   21.291290914639831        17.518917051403271     
   21.320319943130016        17.240109830529679     
   21.349348971620202        16.964292052704248     
   21.378378000110388        16.691447615876370     
   21.407407028600574        16.421560417995455     
   21.436436057090759        16.154614357010885     
   21.465465085580945        15.890593330872065     
   21.494494114071131        15.629481237528385     
   21.523523142561316        15.371261974929247     
   21.552552171051502        15.115919441024047     
   21.581581199541688        14.863437533762179     
   21.610610228031874        14.613800151093042     
   21.639639256522059        14.366991190966029     
   21.668668285012245        14.122994551330539     
   21.697697313502431        13.881794130135971     
   21.726726341992617        13.643373825331713     
   21.755755370482802        13.407717534867171     
   21.784784398972988        13.174809156691737     
   21.813813427463174        12.944632588754805     
   21.842842455953360        12.717171729005775     
   21.871871484443545        12.492410475394047     
   21.900900512933731        12.270332725869009     
   21.929929541423917        12.050922378380061     
   21.958958569914103        11.834163330876603     
   21.987987598404288        11.620039481308028     
   22.017016626894474        11.408534727623731     
   22.046045655384660        11.199632967773113     
   22.075074683874846        10.993318099705563     
   22.104103712365031        10.789574021370488     
   22.133132740855217        10.588384630717277     
   22.162161769345403        10.389733825695325     
   22.191190797835588        10.193605504254036     
   22.220219826325774        9.9999835643428003     
   22.249248854815960        9.8088519039110160     
   22.278277883306146        9.6201944209080796     
   22.307306911796331        9.4339950132833881     
   22.336335940286517        9.2502375789863382     
   22.365364968776703        9.0689060159663235     
   22.394393997266889        8.8899842221727443     
   22.423423025757074        8.7134560955549940     
   22.452452054247260        8.5393055340624713     
   22.481481082737446        8.3675164356445713     
   22.510510111227632        8.1980726982506926     
   22.539539139717817        8.0309582198302287     
   22.568568168208003        7.8661568983325783     
   22.597597196698189        7.7036526317071363     
   22.626626225188375        7.5434293179032990     
   22.655655253678560        7.3854708548704640     
   22.684684282168746        7.2297611405580282     
   22.713713310658932        7.0762840729153869     
   22.742742339149117        6.9250235498919359     
   22.771771367639303        6.7759634694370732     
   22.800800396129489        6.6290877295001938     
   22.829829424619675        6.4843802280306972     
   22.858858453109860        6.3418248629779770     
   22.887887481600046        6.2014055322914299     
   22.916916510090232        6.0631061339204519     
   22.945945538580418        5.9269105658144419     
   22.974974567070603        5.7928027259227930     
   23.004003595560789        5.6607665121949058     
   23.033032624050975        5.5307858225801727     
   23.062061652541161        5.4028445550279924     
   23.091090681031346        5.2769266074877610     
   23.120119709521532        5.1530158779088744     
   23.149148738011718        5.0310962642407286     
   23.178177766501904        4.9111516644327224     
   23.207206794992089        4.7931659764342500     
   23.236235823482275        4.6771230981947083     
   23.265264851972461        4.5630069276634950     
   23.294293880462646        4.4508013627900045     
   23.323322908952832        4.3404903015236345     
   23.352351937443018        4.2320576418137819     
   23.381380965933204        4.1254872816098427     
   23.410409994423389        4.0207631188612121     
   23.439439022913575        3.9178690515172878     
   23.468468051403761        3.8167889775274668     
   23.497497079893947        3.7175067948411447     
   23.526526108384132        3.6200064014077169     
   23.555555136874318        3.5242716951765827     
   23.584584165364504        3.4302865740971362     
   23.613613193854690        3.3380349361187749     
   23.642642222344875        3.2475006791908942     
   23.671671250835061        3.1586677012628921     
   23.700700279325247        3.0715199002841636     
   23.729729307815433        2.9860411742041055     
   23.758758336305618        2.9022154209721154     
   23.787787364795804        2.8200265385375882     
   23.816816393285990        2.7394584248499214     
   23.845845421776175        2.6604949778585114     
   23.874874450266361        2.5831200955127538     
   23.903903478756547        2.5073176757620459     
   23.932932507246733        2.4330716165557837     
   23.961961535736918        2.3603658158433638     
   23.990990564227104        2.2891841715741825     
   24.020019592717290        2.2195105816976364     
   24.049048621207476        2.1513289441631218     
   24.078077649697661        2.0846231569200357     
   24.107106678187847        2.0193771179177742     
   24.136135706678033        1.9555747251057334     
   24.165164735168219        1.8931998764333100     
   24.194193763658404        1.8322364698499012     
   24.223222792148590        1.7726684033049021     
   24.252251820638776        1.7144795747477102     
   24.281280849128962        1.6576538821277214     
   24.310309877619147        1.6021752233943320     
   24.339338906109333        1.5480274964969394     
   24.368367934599519        1.4951945993849391     
   24.397396963089705        1.4436604300077280     
   24.426425991579890        1.3934088863147023     
   24.455455020070076        1.3444238662552588     
   24.484484048560262        1.2966892677787936     
   24.513513077050447        1.2501889888347031     
   24.542542105540633        1.2049069273723845     
   24.571571134030819        1.1608269813412335     
   24.600600162521005        1.1179330486906465     
   24.629629191011190        1.0762090273700204     
   24.658658219501376        1.0356388153287512     
   24.687687247991562       0.99620631051623609     
   24.716716276481748       0.95789541088187069     
   24.745745304971933       0.92069001437505193     
   24.774774333462119       0.88457401894517618     
   24.803803361952305       0.84953132254163999     
   24.832832390442491       0.81554582311383950     
   24.861861418932676       0.78260141861117150     
   24.890890447422862       0.75068200698303211     
   24.919919475913048       0.71977148617881803     
   24.948948504403234       0.68985375414792571     
   24.977977532893419       0.66091270883975151     
   25.007006561383605       0.63293224820369187     
   25.036035589873791       0.60589627018914327     
   25.065064618363976       0.57978867274550228     
   25.094093646854162       0.55459335382216512     
   25.123122675344348       0.53029421136852850     
   25.152151703834534       0.50687514333398875     
   25.181180732324719       0.48432004766794218     
   25.210209760814905       0.46261282231978557     
   25.239238789305091       0.44173736523891505     
   25.268267817795277       0.42167757437472730     
   25.297296846285462       0.40241734767661863     
   25.326325874775648       0.38394058309398560     
   25.355354903265834       0.36623117857622456     
   25.384383931756020       0.34927303207273197     
   25.413412960246205       0.33305004153290441     
   25.442441988736391       0.31754610490613822     
   25.471471017226577       0.30274512014182992     
   25.500500045716763       0.28863098518937585     
   25.529529074206948       0.27518759799817255     
   25.558558102697134       0.26239885651761652     
   25.587587131187320       0.25024865869710416     
   25.616616159677505       0.23872090248603184     
   25.645645188167691       0.22779948583379614     
   25.674674216657877       0.21746830668979347     
   25.703703245148063       0.20771126300342027     
   25.732732273638248       0.19851225272407297     
   25.761761302128434       0.18985517380114808     
   25.790790330618620       0.18172392418404204     
   25.819819359108806       0.17410240182215125     
   25.848848387598991       0.16697450466487221     
   25.877877416089177       0.16032413066160137     
   25.906906444579363       0.15413517776173519     
   25.935935473069549       0.14839154391467010     
   25.964964501559734       0.14307712706980258     
   25.993993530049920       0.13817582517652904     
   26.023022558540106       0.13367153618424599     
   26.052051587030292       0.12954815804234981     
   26.081080615520477       0.12578958870023704     
   26.110109644010663       0.12237972610730406     
   26.139138672500849       0.11930246821294736     
   26.168167700991035       0.11654171296656338     
   26.197196729481220       0.11408135831754859     
   26.226225757971406       0.11190530221529943     
   26.255254786461592       0.10999744260921235     
   26.284283814951777       0.10834167744868381     
   26.313312843441963       0.10692190468311025     
   26.342341871932149       0.10572202226188815     
   26.371370900422335       0.10472592813441393     
   26.400399928912520       0.10391752025008406     
   26.429428957402706       0.10328069655829501     
   26.458457985892892       0.10279935500844320     
   26.487487014383078       0.10245739354992510     
   26.516516042873263       0.10223871013213716     
   26.545545071363449       0.10212720270447583     
   26.574574099853635       0.10210676921633757     
   26.603603128343821       0.10216130761711885     
   26.632632156834006       0.10227471585621607     
   26.661661185324192       0.10243089188302575     
   26.690690213814378       0.10261373364694429     
   26.719719242304564       0.10280713909736817     
   26.748748270794749       0.10299500618369384     
   26.777777299284935       0.10316123285531774     
   26.806806327775121       0.10328971706163632     
   26.835835356265306       0.10336435675204605     
   26.864864384755492       0.10336904987594339     
   26.893893413245678       0.10328769438272477     
   26.922922441735864       0.10310418822178666     
   26.951951470226049       0.10280242934252551     
   26.980980498716235       0.10236631569433777     
   27.010009527206421       0.10177974522661988     
   27.039038555696607       0.10102661588876831     
   27.068067584186792       0.10009082563017950     
   27.097096612676978        9.8956272400249942E-002
   27.126125641167164        9.7606854148376040E-002
   27.155154669657350        9.6026468823954270E-002
   27.184183698147535        9.4199014376381077E-002
   27.213212726637721        9.2108388755052908E-002
   27.242241755127907        8.9738489909366240E-002
   27.271270783618093        8.7073215788717503E-002
   27.300299812108278        8.4096464342503160E-002
   27.329328840598464        8.0792133520119672E-002
   27.358357869088650        7.7144121270963470E-002
   27.387386897578835        7.3136325544431030E-002
   27.416415926069021        6.8752644289918799E-002
   27.445444954559207        6.3976975456823210E-002
   27.474473983049393        5.8793216994540765E-002
   27.503503011539578        5.3185266852467855E-002
   27.532532040029764        4.7137022980000970E-002
   27.561561068519950        4.0632383326536549E-002
   27.590590097010136        3.3655245841471060E-002
   27.619619125500321        2.6189508474200939E-002
   27.648648153990507        1.8219069174122658E-002
   27.677677182480693        9.7278258906326534E-003
   27.706706210970879        6.9967657312738224E-004
   27.735735239461064       -8.8814808289966966E-003
   27.764764267951250       -1.9031748366343141E-002
   27.793793296441436       -2.9767228089515478E-002
   27.822822324931622       -4.1104022049117277E-002
   27.851851353421807       -5.3058232295752079E-002
   27.880880381911993       -6.5645960880023418E-002
   27.909909410402179       -7.8883309852534861E-002
   27.938938438892365       -9.2786381263889939E-002
   27.967967467382550      -0.10737127716469221     
   27.996996495872736      -0.12265409960554520     
   28.026025524362922      -0.13865095063705246     
   28.055054552853107      -0.15537793230981756     
   28.084083581343293      -0.17285114667444407     
   28.113112609833479      -0.19108669578153550     
   28.142141638323665      -0.21010068168169535     
   28.171170666813850      -0.22990920642552723     
   28.200199695304036      -0.25052837206363471     
   28.229228723794222      -0.27197428064662127     
   28.258257752284408      -0.29426303422509048     
   28.287286780774593      -0.31741073484964588     
   28.316315809264779      -0.34143348457089112     
   28.345344837754965      -0.36634738543942957     
   28.374373866245151      -0.39216853950586489     
   28.403402894735336      -0.41891304882080060     
   28.432431923225522      -0.44659701543484021     
   28.461460951715708      -0.47523654139858734     
   28.490489980205894      -0.50484772876264561     
   28.519519008696079      -0.53544667957761827     
   28.548548037186265      -0.56704949589410925     
   28.577577065676451      -0.59967227976272175     
   28.606606094166636      -0.63333113323405954     
   28.635635122656822      -0.66804215835872593     
   28.664664151147008      -0.70382145718732481     
   28.693693179637194      -0.74068513177045958     
   28.722722208127379      -0.77864928415873369     
   28.751751236617565      -0.81773001640275078     
   28.780780265107751      -0.85794343055311439     
   28.809809293597937      -0.89930562866042807     
   28.838838322088122      -0.94183271277529534     
   28.867867350578308      -0.98554078494831954     
   28.896896379068494       -1.0304459472301046     
   28.925925407558680       -1.0765643016712541     
   28.954954436048865       -1.1239119503223711     
   28.983983464539051       -1.1725049952340594     
   29.013012493029237       -1.2223595384569228     
   29.042041521519423       -1.2734916820415643     
   29.071070550009608       -1.3259175280385884     
   29.100099578499794       -1.3796531784985973     
   29.129128606989980       -1.4347147354721956     
   29.158157635480165       -1.4911183010099867     
   29.187186663970351       -1.5488799771625736     
   29.216215692460537       -1.6080158659805606     
   29.245244720950723       -1.6685420695145503     
   29.274273749440908       -1.7304746898151473     
   29.303302777931094       -1.7938298289329544     
   29.332331806421280       -1.8586235889185754     
   29.361360834911466       -1.9248720718226138     
   29.390389863401651       -1.9925913796956736     
   29.419418891891837       -2.0617976145883574     
   29.448447920382023       -2.1325068785512697     
   29.477476948872209       -2.2047352736350132     
   29.506505977362394       -2.2784989018901922     
   29.535535005852580       -2.3538138653674094     
   29.564564034342766       -2.4306962661172697     
   29.593593062832952       -2.5091622061903758     
   29.622622091323137       -2.5892277876373306     
   29.651651119813323       -2.6709091125087387     
   29.680680148303509       -2.7542222828552032     
   29.709709176793694       -2.8391834007273276     
   29.738738205283880       -2.9258085681757153     
   29.767767233774066       -3.0141138872509705     
   29.796796262264252       -3.1041154600036962     
   29.825825290754437       -3.1958293884844964     
   29.854854319244623       -3.2892717747439737     
   29.883883347734809       -3.3844587208327326     
   29.912912376224995       -3.4814063288013766     
   29.941941404715180       -3.5801307007005092     
   29.970970433205366       -3.6806479385807331     
   29.999999461695552       -3.7829741444926528     
