 1.000000E+00  1.853878E-01
 1.019019E+00  1.865626E-01
 1.038038E+00  1.877337E-01
 1.057057E+00  1.889011E-01
 1.076076E+00  1.900648E-01
 1.095095E+00  1.912247E-01
 1.114114E+00  1.923810E-01
 1.133133E+00  1.935336E-01
 1.152152E+00  1.946825E-01
 1.171171E+00  1.958278E-01
 1.190190E+00  1.969694E-01
 1.209209E+00  1.981074E-01
 1.228228E+00  1.992417E-01
 1.247247E+00  2.003725E-01
 1.266266E+00  2.014996E-01
 1.285285E+00  2.026232E-01
 1.304304E+00  2.037432E-01
 1.323323E+00  2.048596E-01
 1.342342E+00  2.059725E-01
 1.361361E+00  2.070818E-01
 1.380380E+00  2.081876E-01
 1.399399E+00  2.092899E-01
 1.418418E+00  2.103887E-01
 1.437437E+00  2.114840E-01
 1.456456E+00  2.125758E-01
 1.475475E+00  2.136641E-01
 1.494494E+00  2.147490E-01
 1.513514E+00  2.158304E-01
 1.532533E+00  2.169084E-01
 1.551552E+00  2.179830E-01
 1.570571E+00  2.190542E-01
 1.589590E+00  2.201219E-01
 1.608609E+00  2.211863E-01
 1.627628E+00  2.222473E-01
 1.646647E+00  2.233049E-01
 1.665666E+00  2.243592E-01
 1.684685E+00  2.254101E-01
 1.703704E+00  2.264577E-01
 1.722723E+00  2.275020E-01
 1.741742E+00  2.285430E-01
 1.760761E+00  2.295806E-01
 1.779780E+00  2.306150E-01
 1.798799E+00  2.316462E-01
 1.817818E+00  2.326740E-01
 1.836837E+00  2.336986E-01
 1.855856E+00  2.347200E-01
 1.874875E+00  2.357382E-01
 1.893894E+00  2.367531E-01
 1.912913E+00  2.377648E-01
 1.931932E+00  2.387734E-01
 1.950951E+00  2.397788E-01
 1.969970E+00  2.407810E-01
 1.988989E+00  2.417800E-01
 2.008008E+00  2.427759E-01
 2.027027E+00  2.437687E-01
 2.046046E+00  2.447583E-01
 2.065065E+00  2.457449E-01
 2.084084E+00  2.467283E-01
 2.103103E+00  2.477086E-01
 2.122122E+00  2.486859E-01
 2.141141E+00  2.496602E-01
 2.160160E+00  2.506313E-01
 2.179179E+00  2.515995E-01
 2.198198E+00  2.525646E-01
 2.217217E+00  2.535266E-01
 2.236236E+00  2.544857E-01
 2.255255E+00  2.554418E-01
 2.274274E+00  2.563949E-01
 2.293293E+00  2.573451E-01
 2.312312E+00  2.582923E-01
 2.331331E+00  2.592365E-01
 2.350350E+00  2.601778E-01
 2.369369E+00  2.611162E-01
 2.388388E+00  2.620517E-01
 2.407407E+00  2.629842E-01
 2.426426E+00  2.639139E-01
 2.445445E+00  2.648407E-01
 2.464464E+00  2.657647E-01
 2.483483E+00  2.666858E-01
 2.502502E+00  2.676040E-01
 2.521522E+00  2.685195E-01
 2.540541E+00  2.694321E-01
 2.559560E+00  2.703419E-01
 2.578579E+00  2.712489E-01
 2.597598E+00  2.721531E-01
 2.616617E+00  2.730546E-01
 2.635636E+00  2.739533E-01
 2.654655E+00  2.748492E-01
 2.673674E+00  2.757425E-01
 2.692693E+00  2.766330E-01
 2.711712E+00  2.775207E-01
 2.730731E+00  2.784058E-01
 2.749750E+00  2.792882E-01
 2.768769E+00  2.801679E-01
 2.787788E+00  2.810450E-01
 2.806807E+00  2.819194E-01
 2.825826E+00  2.827911E-01
 2.844845E+00  2.836602E-01
 2.863864E+00  2.845267E-01
 2.882883E+00  2.853906E-01
 2.901902E+00  2.862519E-01
 2.920921E+00  2.871107E-01
 2.939940E+00  2.879668E-01
 2.958959E+00  2.888204E-01
 2.977978E+00  2.896714E-01
 2.996997E+00  2.905199E-01
 3.016016E+00  2.913659E-01
 3.035035E+00  2.922094E-01
 3.054054E+00  2.930503E-01
 3.073073E+00  2.938888E-01
 3.092092E+00  2.947248E-01
 3.111111E+00  2.955583E-01
 3.130130E+00  2.963894E-01
 3.149149E+00  2.972180E-01
 3.168168E+00  2.980442E-01
 3.187187E+00  2.988679E-01
 3.206206E+00  2.996893E-01
 3.225225E+00  3.005083E-01
 3.244244E+00  3.013248E-01
 3.263263E+00  3.021390E-01
 3.282282E+00  3.029509E-01
 3.301301E+00  3.037604E-01
 3.320320E+00  3.045675E-01
 3.339339E+00  3.053724E-01
 3.358358E+00  3.061749E-01
 3.377377E+00  3.069751E-01
 3.396396E+00  3.077730E-01
 3.415415E+00  3.085686E-01
 3.434434E+00  3.093620E-01
 3.453453E+00  3.101531E-01
 3.472472E+00  3.109420E-01
 3.491491E+00  3.117286E-01
 3.510510E+00  3.125130E-01
 3.529530E+00  3.132952E-01
 3.548549E+00  3.140752E-01
 3.567568E+00  3.148530E-01
 3.586587E+00  3.156286E-01
 3.605606E+00  3.164021E-01
 3.624625E+00  3.171734E-01
 3.643644E+00  3.179426E-01
 3.662663E+00  3.187096E-01
 3.681682E+00  3.194746E-01
 3.700701E+00  3.202374E-01
 3.719720E+00  3.209981E-01
 3.738739E+00  3.217568E-01
 3.757758E+00  3.225133E-01
 3.776777E+00  3.232679E-01
 3.795796E+00  3.240203E-01
 3.814815E+00  3.247708E-01
 3.833834E+00  3.255192E-01
 3.852853E+00  3.262656E-01
 3.871872E+00  3.270100E-01
 3.890891E+00  3.277524E-01
 3.909910E+00  3.284928E-01
 3.928929E+00  3.292313E-01
 3.947948E+00  3.299678E-01
 3.966967E+00  3.307024E-01
 3.985986E+00  3.314350E-01
 4.005005E+00  3.321658E-01
 4.024024E+00  3.328946E-01
 4.043043E+00  3.336215E-01
 4.062062E+00  3.343465E-01
 4.081081E+00  3.350697E-01
 4.100100E+00  3.357910E-01
 4.119119E+00  3.365105E-01
 4.138138E+00  3.372281E-01
 4.157157E+00  3.379439E-01
 4.176176E+00  3.386578E-01
 4.195195E+00  3.393700E-01
 4.214214E+00  3.400804E-01
 4.233233E+00  3.407890E-01
 4.252252E+00  3.414959E-01
 4.271271E+00  3.422009E-01
 4.290290E+00  3.429043E-01
 4.309309E+00  3.436059E-01
 4.328328E+00  3.443058E-01
 4.347347E+00  3.450040E-01
 4.366366E+00  3.457004E-01
 4.385385E+00  3.463952E-01
 4.404404E+00  3.470884E-01
 4.423423E+00  3.477798E-01
 4.442442E+00  3.484696E-01
 4.461461E+00  3.491578E-01
 4.480480E+00  3.498443E-01
 4.499499E+00  3.505293E-01
 4.518518E+00  3.512126E-01
 4.537538E+00  3.518943E-01
 4.556557E+00  3.525745E-01
 4.575576E+00  3.532531E-01
 4.594595E+00  3.539301E-01
 4.613614E+00  3.546056E-01
 4.632633E+00  3.552795E-01
 4.651652E+00  3.559519E-01
 4.670671E+00  3.566228E-01
 4.689690E+00  3.572923E-01
 4.708709E+00  3.579602E-01
 4.727728E+00  3.586266E-01
 4.746747E+00  3.592916E-01
 4.765766E+00  3.599551E-01
 4.784785E+00  3.606172E-01
 4.803804E+00  3.612779E-01
 4.822823E+00  3.619372E-01
 4.841842E+00  3.625950E-01
 4.860861E+00  3.632514E-01
 4.879880E+00  3.639065E-01
 4.898899E+00  3.645602E-01
 4.917918E+00  3.652125E-01
 4.936937E+00  3.658635E-01
 4.955956E+00  3.665132E-01
 4.974975E+00  3.671615E-01
 4.993994E+00  3.678085E-01
 5.013013E+00  3.684543E-01
 5.032032E+00  3.690987E-01
 5.051051E+00  3.697418E-01
 5.070070E+00  3.703837E-01
 5.089089E+00  3.710244E-01
 5.108108E+00  3.716637E-01
 5.127127E+00  3.723019E-01
 5.146146E+00  3.729388E-01
 5.165165E+00  3.735746E-01
 5.184184E+00  3.742091E-01
 5.203203E+00  3.748425E-01
 5.222222E+00  3.754746E-01
 5.241241E+00  3.761057E-01
 5.260260E+00  3.767355E-01
 5.279279E+00  3.773643E-01
 5.298298E+00  3.779919E-01
 5.317317E+00  3.786184E-01
 5.336336E+00  3.792438E-01
 5.355355E+00  3.798681E-01
 5.374374E+00  3.804913E-01
 5.393393E+00  3.811134E-01
 5.412412E+00  3.817345E-01
 5.431431E+00  3.823546E-01
 5.450450E+00  3.829736E-01
 5.469469E+00  3.835916E-01
 5.488488E+00  3.842086E-01
 5.507507E+00  3.848246E-01
 5.526526E+00  3.854396E-01
 5.545546E+00  3.860537E-01
 5.564565E+00  3.866667E-01
 5.583584E+00  3.872789E-01
 5.602603E+00  3.878900E-01
 5.621622E+00  3.885003E-01
 5.640641E+00  3.891097E-01
 5.659660E+00  3.897181E-01
 5.678679E+00  3.903256E-01
 5.697698E+00  3.909323E-01
 5.716717E+00  3.915381E-01
 5.735736E+00  3.921430E-01
 5.754755E+00  3.927471E-01
 5.773774E+00  3.933504E-01
 5.792793E+00  3.939528E-01
 5.811812E+00  3.945545E-01
 5.830831E+00  3.951553E-01
 5.849850E+00  3.957553E-01
 5.868869E+00  3.963546E-01
 5.887888E+00  3.969531E-01
 5.906907E+00  3.975508E-01
 5.925926E+00  3.981478E-01
 5.944945E+00  3.987441E-01
 5.963964E+00  3.993397E-01
 5.982983E+00  3.999345E-01
 6.002002E+00  4.005287E-01
 6.021021E+00  4.011222E-01
 6.040040E+00  4.017150E-01
 6.059059E+00  4.023071E-01
 6.078078E+00  4.028987E-01
 6.097097E+00  4.034895E-01
 6.116116E+00  4.040798E-01
 6.135135E+00  4.046694E-01
 6.154154E+00  4.052584E-01
 6.173173E+00  4.058469E-01
 6.192192E+00  4.064347E-01
 6.211211E+00  4.070220E-01
 6.230230E+00  4.076088E-01
 6.249249E+00  4.081950E-01
 6.268268E+00  4.087807E-01
 6.287287E+00  4.093658E-01
 6.306306E+00  4.099504E-01
 6.325325E+00  4.105346E-01
 6.344344E+00  4.111183E-01
 6.363363E+00  4.117015E-01
 6.382382E+00  4.122842E-01
 6.401401E+00  4.128665E-01
 6.420420E+00  4.134483E-01
 6.439439E+00  4.140297E-01
 6.458458E+00  4.146108E-01
 6.477477E+00  4.151914E-01
 6.496496E+00  4.157716E-01
 6.515515E+00  4.163514E-01
 6.534534E+00  4.169309E-01
 6.553554E+00  4.175100E-01
 6.572573E+00  4.180888E-01
 6.591592E+00  4.186672E-01
 6.610611E+00  4.192453E-01
 6.629630E+00  4.198231E-01
 6.648649E+00  4.204006E-01
 6.667668E+00  4.209778E-01
 6.686687E+00  4.215548E-01
 6.705706E+00  4.221315E-01
 6.724725E+00  4.227079E-01
 6.743744E+00  4.232841E-01
 6.762763E+00  4.238601E-01
 6.781782E+00  4.244358E-01
 6.800801E+00  4.250114E-01
 6.819820E+00  4.255867E-01
 6.838839E+00  4.261619E-01
 6.857858E+00  4.267369E-01
 6.876877E+00  4.273118E-01
 6.895896E+00  4.278865E-01
 6.914915E+00  4.284611E-01
 6.933934E+00  4.290355E-01
 6.952953E+00  4.296098E-01
 6.971972E+00  4.301841E-01
 6.990991E+00  4.307582E-01
 7.010010E+00  4.313323E-01
 7.029029E+00  4.319063E-01
 7.048048E+00  4.324803E-01
 7.067067E+00  4.330542E-01
 7.086086E+00  4.336281E-01
 7.105105E+00  4.342020E-01
 7.124124E+00  4.347758E-01
 7.143143E+00  4.353497E-01
 7.162162E+00  4.359236E-01
 7.181181E+00  4.364975E-01
 7.200200E+00  4.370715E-01
 7.219219E+00  4.376455E-01
 7.238238E+00  4.382196E-01
 7.257257E+00  4.387937E-01
 7.276276E+00  4.393680E-01
 7.295295E+00  4.399423E-01
 7.314314E+00  4.405168E-01
 7.333333E+00  4.410913E-01
 7.352352E+00  4.416660E-01
 7.371371E+00  4.422409E-01
 7.390390E+00  4.428159E-01
 7.409409E+00  4.433911E-01
 7.428428E+00  4.439665E-01
 7.447447E+00  4.445420E-01
 7.466466E+00  4.451178E-01
 7.485485E+00  4.456938E-01
 7.504504E+00  4.462700E-01
 7.523523E+00  4.468464E-01
 7.542542E+00  4.474231E-01
 7.561562E+00  4.480000E-01
 7.580581E+00  4.485773E-01
 7.599600E+00  4.491548E-01
 7.618619E+00  4.497326E-01
 7.637638E+00  4.503107E-01
 7.656657E+00  4.508892E-01
 7.675676E+00  4.514680E-01
 7.694695E+00  4.520471E-01
 7.713714E+00  4.526266E-01
 7.732733E+00  4.532064E-01
 7.751752E+00  4.537866E-01
 7.770771E+00  4.543672E-01
 7.789790E+00  4.549483E-01
 7.808809E+00  4.555297E-01
 7.827828E+00  4.561116E-01
 7.846847E+00  4.566938E-01
 7.865866E+00  4.572766E-01
 7.884885E+00  4.578598E-01
 7.903904E+00  4.584435E-01
 7.922923E+00  4.590276E-01
 7.941942E+00  4.596123E-01
 7.960961E+00  4.601975E-01
 7.979980E+00  4.607832E-01
 7.998999E+00  4.613694E-01
 8.018018E+00  4.619561E-01
 8.037037E+00  4.625434E-01
 8.056056E+00  4.631313E-01
 8.075075E+00  4.637198E-01
 8.094094E+00  4.643088E-01
 8.113113E+00  4.648985E-01
 8.132132E+00  4.654887E-01
 8.151151E+00  4.660796E-01
 8.170170E+00  4.666711E-01
 8.189189E+00  4.672633E-01
 8.208208E+00  4.678561E-01
 8.227227E+00  4.684496E-01
 8.246246E+00  4.690438E-01
 8.265265E+00  4.696387E-01
 8.284284E+00  4.702343E-01
 8.303303E+00  4.708306E-01
 8.322322E+00  4.714276E-01
 8.341341E+00  4.720254E-01
 8.360360E+00  4.726239E-01
 8.379379E+00  4.732232E-01
 8.398398E+00  4.738232E-01
 8.417417E+00  4.744241E-01
 8.436436E+00  4.750257E-01
 8.455455E+00  4.756282E-01
 8.474474E+00  4.762315E-01
 8.493493E+00  4.768356E-01
 8.512512E+00  4.774405E-01
 8.531531E+00  4.780464E-01
 8.550550E+00  4.786531E-01
 8.569570E+00  4.792606E-01
 8.588589E+00  4.798691E-01
 8.607608E+00  4.804785E-01
 8.626627E+00  4.810887E-01
 8.645646E+00  4.817000E-01
 8.664665E+00  4.823121E-01
 8.683684E+00  4.829252E-01
 8.702703E+00  4.835393E-01
 8.721722E+00  4.841543E-01
 8.740741E+00  4.847703E-01
 8.759760E+00  4.853873E-01
 8.778779E+00  4.860054E-01
 8.797798E+00  4.866244E-01
 8.816817E+00  4.872445E-01
 8.835836E+00  4.878656E-01
 8.854855E+00  4.884878E-01
 8.873874E+00  4.891111E-01
 8.892893E+00  4.897354E-01
 8.911912E+00  4.903608E-01
 8.930931E+00  4.909873E-01
 8.949950E+00  4.916150E-01
 8.968969E+00  4.922438E-01
 8.987988E+00  4.928737E-01
 9.007007E+00  4.935047E-01
 9.026026E+00  4.941369E-01
 9.045045E+00  4.947703E-01
 9.064064E+00  4.954049E-01
 9.083083E+00  4.960406E-01
 9.102102E+00  4.966776E-01
 9.121121E+00  4.973158E-01
 9.140140E+00  4.979552E-01
 9.159159E+00  4.985959E-01
 9.178178E+00  4.992378E-01
 9.197197E+00  4.998810E-01
 9.216216E+00  5.005254E-01
 9.235235E+00  5.011712E-01
 9.254254E+00  5.018183E-01
 9.273273E+00  5.024666E-01
 9.292292E+00  5.031163E-01
 9.311311E+00  5.037673E-01
 9.330330E+00  5.044197E-01
 9.349349E+00  5.050734E-01
 9.368368E+00  5.057285E-01
 9.387387E+00  5.063850E-01
 9.406406E+00  5.070429E-01
 9.425425E+00  5.077022E-01
 9.444444E+00  5.083629E-01
 9.463463E+00  5.090250E-01
 9.482482E+00  5.096886E-01
 9.501501E+00  5.103536E-01
 9.520520E+00  5.110201E-01
 9.539539E+00  5.116881E-01
 9.558558E+00  5.123575E-01
 9.577578E+00  5.130285E-01
 9.596597E+00  5.137010E-01
 9.615616E+00  5.143749E-01
 9.634635E+00  5.150505E-01
 9.653654E+00  5.157275E-01
 9.672673E+00  5.164061E-01
 9.691692E+00  5.170863E-01
 9.710711E+00  5.177681E-01
 9.729730E+00  5.184515E-01
 9.748749E+00  5.191365E-01
 9.767768E+00  5.198230E-01
 9.786787E+00  5.205113E-01
 9.805806E+00  5.212011E-01
 9.824825E+00  5.218926E-01
 9.843844E+00  5.225858E-01
 9.862863E+00  5.232806E-01
 9.881882E+00  5.239771E-01
 9.900901E+00  5.246754E-01
 9.919920E+00  5.253753E-01
 9.938939E+00  5.260770E-01
 9.957958E+00  5.267803E-01
 9.976977E+00  5.274855E-01
 9.995996E+00  5.281924E-01
 1.001501E+01  5.289010E-01
 1.003403E+01  5.296114E-01
 1.005305E+01  5.303237E-01
 1.007207E+01  5.310377E-01
 1.009109E+01  5.317535E-01
 1.011011E+01  5.324712E-01
 1.012913E+01  5.331907E-01
 1.014815E+01  5.339121E-01
 1.016717E+01  5.346353E-01
 1.018619E+01  5.353604E-01
 1.020521E+01  5.360873E-01
 1.022422E+01  5.368162E-01
 1.024324E+01  5.375470E-01
 1.026226E+01  5.382797E-01
 1.028128E+01  5.390143E-01
 1.030030E+01  5.397509E-01
 1.031932E+01  5.404894E-01
 1.033834E+01  5.412299E-01
 1.035736E+01  5.419723E-01
 1.037638E+01  5.427168E-01
 1.039540E+01  5.434632E-01
 1.041441E+01  5.442117E-01
 1.043343E+01  5.449622E-01
 1.045245E+01  5.457147E-01
 1.047147E+01  5.464693E-01
 1.049049E+01  5.472259E-01
 1.050951E+01  5.479846E-01
 1.052853E+01  5.487454E-01
 1.054755E+01  5.495083E-01
 1.056657E+01  5.502733E-01
 1.058559E+01  5.510404E-01
 1.060460E+01  5.518096E-01
 1.062362E+01  5.525810E-01
 1.064264E+01  5.533545E-01
 1.066166E+01  5.541302E-01
 1.068068E+01  5.549081E-01
 1.069970E+01  5.556882E-01
 1.071872E+01  5.564704E-01
 1.073774E+01  5.572549E-01
 1.075676E+01  5.580416E-01
 1.077578E+01  5.588305E-01
 1.079479E+01  5.596216E-01
 1.081381E+01  5.604151E-01
 1.083283E+01  5.612108E-01
 1.085185E+01  5.620087E-01
 1.087087E+01  5.628090E-01
 1.088989E+01  5.636116E-01
 1.090891E+01  5.644165E-01
 1.092793E+01  5.652237E-01
 1.094695E+01  5.660332E-01
 1.096597E+01  5.668451E-01
 1.098498E+01  5.676594E-01
 1.100400E+01  5.684760E-01
 1.102302E+01  5.692951E-01
 1.104204E+01  5.701165E-01
 1.106106E+01  5.709403E-01
 1.108008E+01  5.717666E-01
 1.109910E+01  5.725953E-01
 1.111812E+01  5.734264E-01
 1.113714E+01  5.742600E-01
 1.115616E+01  5.750960E-01
 1.117518E+01  5.759346E-01
 1.119419E+01  5.767756E-01
 1.121321E+01  5.776191E-01
 1.123223E+01  5.784652E-01
 1.125125E+01  5.793137E-01
 1.127027E+01  5.801648E-01
 1.128929E+01  5.810185E-01
 1.130831E+01  5.818747E-01
 1.132733E+01  5.827335E-01
 1.134635E+01  5.835949E-01
 1.136537E+01  5.844588E-01
 1.138438E+01  5.853254E-01
 1.140340E+01  5.861946E-01
 1.142242E+01  5.870664E-01
 1.144144E+01  5.879409E-01
 1.146046E+01  5.888180E-01
 1.147948E+01  5.896978E-01
 1.149850E+01  5.905802E-01
 1.151752E+01  5.914654E-01
 1.153654E+01  5.923533E-01
 1.155556E+01  5.932438E-01
 1.157457E+01  5.941371E-01
 1.159359E+01  5.950331E-01
 1.161261E+01  5.959319E-01
 1.163163E+01  5.968334E-01
 1.165065E+01  5.977377E-01
 1.166967E+01  5.986448E-01
 1.168869E+01  5.995547E-01
 1.170771E+01  6.004674E-01
 1.172673E+01  6.013829E-01
 1.174575E+01  6.023012E-01
 1.176476E+01  6.032224E-01
 1.178378E+01  6.041464E-01
 1.180280E+01  6.050733E-01
 1.182182E+01  6.060031E-01
 1.184084E+01  6.069357E-01
 1.185986E+01  6.078713E-01
 1.187888E+01  6.088098E-01
 1.189790E+01  6.097511E-01
 1.191692E+01  6.106955E-01
 1.193594E+01  6.116427E-01
 1.195495E+01  6.125929E-01
 1.197397E+01  6.135461E-01
 1.199299E+01  6.145023E-01
 1.201201E+01  6.154615E-01
 1.203103E+01  6.164236E-01
 1.205005E+01  6.173888E-01
 1.206907E+01  6.183570E-01
 1.208809E+01  6.193283E-01
 1.210711E+01  6.203026E-01
 1.212613E+01  6.212800E-01
 1.214515E+01  6.222604E-01
 1.216416E+01  6.232439E-01
 1.218318E+01  6.242305E-01
 1.220220E+01  6.252203E-01
 1.222122E+01  6.262131E-01
 1.224024E+01  6.272091E-01
 1.225926E+01  6.282082E-01
 1.227828E+01  6.292105E-01
 1.229730E+01  6.302160E-01
 1.231632E+01  6.312246E-01
 1.233534E+01  6.322364E-01
 1.235435E+01  6.332514E-01
 1.237337E+01  6.342697E-01
 1.239239E+01  6.352911E-01
 1.241141E+01  6.363158E-01
 1.243043E+01  6.373438E-01
 1.244945E+01  6.383750E-01
 1.246847E+01  6.394095E-01
 1.248749E+01  6.404472E-01
 1.250651E+01  6.414883E-01
 1.252553E+01  6.425327E-01
 1.254454E+01  6.435804E-01
 1.256356E+01  6.446314E-01
 1.258258E+01  6.456857E-01
 1.260160E+01  6.467435E-01
 1.262062E+01  6.478045E-01
 1.263964E+01  6.488690E-01
 1.265866E+01  6.499369E-01
 1.267768E+01  6.510081E-01
 1.269670E+01  6.520828E-01
 1.271572E+01  6.531608E-01
 1.273473E+01  6.542424E-01
 1.275375E+01  6.553273E-01
 1.277277E+01  6.564158E-01
 1.279179E+01  6.575077E-01
 1.281081E+01  6.586030E-01
 1.282983E+01  6.597019E-01
 1.284885E+01  6.608043E-01
 1.286787E+01  6.619102E-01
 1.288689E+01  6.630196E-01
 1.290591E+01  6.641326E-01
 1.292492E+01  6.652491E-01
 1.294394E+01  6.663692E-01
 1.296296E+01  6.674929E-01
 1.298198E+01  6.686201E-01
 1.300100E+01  6.697510E-01
 1.302002E+01  6.708854E-01
 1.303904E+01  6.720235E-01
 1.305806E+01  6.731652E-01
 1.307708E+01  6.743106E-01
 1.309610E+01  6.754596E-01
 1.311512E+01  6.766123E-01
 1.313413E+01  6.777686E-01
 1.315315E+01  6.789287E-01
 1.317217E+01  6.800925E-01
 1.319119E+01  6.812599E-01
 1.321021E+01  6.824311E-01
 1.322923E+01  6.836061E-01
 1.324825E+01  6.847848E-01
 1.326727E+01  6.859672E-01
 1.328629E+01  6.871535E-01
 1.330531E+01  6.883435E-01
 1.332432E+01  6.895373E-01
 1.334334E+01  6.907349E-01
 1.336236E+01  6.919364E-01
 1.338138E+01  6.931416E-01
 1.340040E+01  6.943508E-01
 1.341942E+01  6.955637E-01
 1.343844E+01  6.967806E-01
 1.345746E+01  6.980013E-01
 1.347648E+01  6.992259E-01
 1.349550E+01  7.004544E-01
 1.351451E+01  7.016869E-01
 1.353353E+01  7.029232E-01
 1.355255E+01  7.041635E-01
 1.357157E+01  7.054078E-01
 1.359059E+01  7.066560E-01
 1.360961E+01  7.079081E-01
 1.362863E+01  7.091643E-01
 1.364765E+01  7.104245E-01
 1.366667E+01  7.116886E-01
 1.368569E+01  7.129568E-01
 1.370470E+01  7.142290E-01
 1.372372E+01  7.155053E-01
 1.374274E+01  7.167856E-01
 1.376176E+01  7.180700E-01
 1.378078E+01  7.193584E-01
 1.379980E+01  7.206510E-01
 1.381882E+01  7.219476E-01
 1.383784E+01  7.232483E-01
 1.385686E+01  7.245532E-01
 1.387588E+01  7.258622E-01
 1.389489E+01  7.271754E-01
 1.391391E+01  7.284927E-01
 1.393293E+01  7.298142E-01
 1.395195E+01  7.311399E-01
 1.397097E+01  7.324698E-01
 1.398999E+01  7.338038E-01
 1.400901E+01  7.351421E-01
 1.402803E+01  7.364846E-01
 1.404705E+01  7.378314E-01
 1.406607E+01  7.391824E-01
 1.408508E+01  7.405377E-01
 1.410410E+01  7.418972E-01
 1.412312E+01  7.432611E-01
 1.414214E+01  7.446292E-01
 1.416116E+01  7.460017E-01
 1.418018E+01  7.473784E-01
 1.419920E+01  7.487595E-01
 1.421822E+01  7.501450E-01
 1.423724E+01  7.515348E-01
 1.425626E+01  7.529290E-01
 1.427528E+01  7.543275E-01
 1.429429E+01  7.557305E-01
 1.431331E+01  7.571378E-01
 1.433233E+01  7.585496E-01
 1.435135E+01  7.599658E-01
 1.437037E+01  7.613864E-01
 1.438939E+01  7.628115E-01
 1.440841E+01  7.642411E-01
 1.442743E+01  7.656751E-01
 1.444645E+01  7.671136E-01
 1.446547E+01  7.685566E-01
 1.448448E+01  7.700041E-01
 1.450350E+01  7.714562E-01
 1.452252E+01  7.729127E-01
 1.454154E+01  7.743738E-01
 1.456056E+01  7.758395E-01
 1.457958E+01  7.773097E-01
 1.459860E+01  7.787846E-01
 1.461762E+01  7.802640E-01
 1.463664E+01  7.817480E-01
 1.465566E+01  7.832366E-01
 1.467467E+01  7.847298E-01
 1.469369E+01  7.862277E-01
 1.471271E+01  7.877303E-01
 1.473173E+01  7.892375E-01
 1.475075E+01  7.907493E-01
 1.476977E+01  7.922659E-01
 1.478879E+01  7.937871E-01
 1.480781E+01  7.953131E-01
 1.482683E+01  7.968437E-01
 1.484585E+01  7.983791E-01
 1.486486E+01  7.999193E-01
 1.488388E+01  8.014642E-01
 1.490290E+01  8.030138E-01
 1.492192E+01  8.045683E-01
 1.494094E+01  8.061275E-01
 1.495996E+01  8.076915E-01
 1.497898E+01  8.092604E-01
 1.499800E+01  8.108341E-01
 1.501702E+01  8.124126E-01
 1.503604E+01  8.139959E-01
 1.505505E+01  8.155841E-01
 1.507407E+01  8.171772E-01
 1.509309E+01  8.187752E-01
 1.511211E+01  8.203780E-01
 1.513113E+01  8.219858E-01
 1.515015E+01  8.235985E-01
 1.516917E+01  8.252161E-01
 1.518819E+01  8.268386E-01
 1.520721E+01  8.284661E-01
 1.522623E+01  8.300986E-01
 1.524525E+01  8.317360E-01
 1.526426E+01  8.333785E-01
 1.528328E+01  8.350259E-01
 1.530230E+01  8.366783E-01
 1.532132E+01  8.383358E-01
 1.534034E+01  8.399983E-01
 1.535936E+01  8.416658E-01
 1.537838E+01  8.433384E-01
 1.539740E+01  8.450161E-01
 1.541642E+01  8.466988E-01
 1.543544E+01  8.483867E-01
 1.545445E+01  8.500796E-01
 1.547347E+01  8.517777E-01
 1.549249E+01  8.534808E-01
 1.551151E+01  8.551892E-01
 1.553053E+01  8.569026E-01
 1.554955E+01  8.586213E-01
 1.556857E+01  8.603451E-01
 1.558759E+01  8.620741E-01
 1.560661E+01  8.638083E-01
 1.562563E+01  8.655477E-01
 1.564464E+01  8.672923E-01
 1.566366E+01  8.690422E-01
 1.568268E+01  8.707973E-01
 1.570170E+01  8.725576E-01
 1.572072E+01  8.743232E-01
 1.573974E+01  8.760941E-01
 1.575876E+01  8.778703E-01
 1.577778E+01  8.796518E-01
 1.579680E+01  8.814386E-01
 1.581582E+01  8.832308E-01
 1.583483E+01  8.850282E-01
 1.585385E+01  8.868311E-01
 1.587287E+01  8.886392E-01
 1.589189E+01  8.904528E-01
 1.591091E+01  8.922717E-01
 1.592993E+01  8.940961E-01
 1.594895E+01  8.959258E-01
 1.596797E+01  8.977610E-01
 1.598699E+01  8.996015E-01
 1.600601E+01  9.014476E-01
 1.602502E+01  9.032991E-01
 1.604404E+01  9.051560E-01
 1.606306E+01  9.070184E-01
 1.608208E+01  9.088864E-01
 1.610110E+01  9.107598E-01
 1.612012E+01  9.126387E-01
 1.613914E+01  9.145232E-01
 1.615816E+01  9.164131E-01
 1.617718E+01  9.183087E-01
 1.619620E+01  9.202098E-01
 1.621522E+01  9.221164E-01
 1.623423E+01  9.240287E-01
 1.625325E+01  9.259465E-01
 1.627227E+01  9.278700E-01
 1.629129E+01  9.297990E-01
 1.631031E+01  9.317337E-01
 1.632933E+01  9.336741E-01
 1.634835E+01  9.356201E-01
 1.636737E+01  9.375717E-01
 1.638639E+01  9.395290E-01
 1.640541E+01  9.414921E-01
 1.642442E+01  9.434608E-01
 1.644344E+01  9.454352E-01
 1.646246E+01  9.474153E-01
 1.648148E+01  9.494012E-01
 1.650050E+01  9.513928E-01
 1.651952E+01  9.533902E-01
 1.653854E+01  9.553934E-01
 1.655756E+01  9.574023E-01
 1.657658E+01  9.594170E-01
 1.659560E+01  9.614376E-01
 1.661461E+01  9.634639E-01
 1.663363E+01  9.654961E-01
 1.665265E+01  9.675341E-01
 1.667167E+01  9.695779E-01
 1.669069E+01  9.716277E-01
 1.670971E+01  9.736833E-01
 1.672873E+01  9.757447E-01
 1.674775E+01  9.778121E-01
 1.676677E+01  9.798854E-01
 1.678579E+01  9.819646E-01
 1.680480E+01  9.840497E-01
 1.682382E+01  9.861408E-01
 1.684284E+01  9.882379E-01
 1.686186E+01  9.903409E-01
 1.688088E+01  9.924499E-01
 1.689990E+01  9.945648E-01
 1.691892E+01  9.966858E-01
 1.693794E+01  9.988128E-01
 1.695696E+01  1.000946E+00
 1.697598E+01  1.003085E+00
 1.699499E+01  1.005230E+00
 1.701401E+01  1.007381E+00
 1.703303E+01  1.009538E+00
 1.705205E+01  1.011702E+00
 1.707107E+01  1.013871E+00
 1.709009E+01  1.016047E+00
 1.710911E+01  1.018228E+00
 1.712813E+01  1.020416E+00
 1.714715E+01  1.022610E+00
 1.716617E+01  1.024810E+00
 1.718519E+01  1.027016E+00
 1.720420E+01  1.029229E+00
 1.722322E+01  1.031447E+00
 1.724224E+01  1.033672E+00
 1.726126E+01  1.035903E+00
 1.728028E+01  1.038140E+00
 1.729930E+01  1.040384E+00
 1.731832E+01  1.042634E+00
 1.733734E+01  1.044890E+00
 1.735636E+01  1.047152E+00
 1.737538E+01  1.049420E+00
 1.739439E+01  1.051695E+00
 1.741341E+01  1.053976E+00
 1.743243E+01  1.056264E+00
 1.745145E+01  1.058557E+00
 1.747047E+01  1.060858E+00
 1.748949E+01  1.063164E+00
 1.750851E+01  1.065477E+00
 1.752753E+01  1.067796E+00
 1.754655E+01  1.070122E+00
 1.756557E+01  1.072454E+00
 1.758458E+01  1.074792E+00
 1.760360E+01  1.077137E+00
 1.762262E+01  1.079488E+00
 1.764164E+01  1.081846E+00
 1.766066E+01  1.084210E+00
 1.767968E+01  1.086581E+00
 1.769870E+01  1.088958E+00
 1.771772E+01  1.091341E+00
 1.773674E+01  1.093732E+00
 1.775576E+01  1.096128E+00
 1.777477E+01  1.098531E+00
 1.779379E+01  1.100941E+00
 1.781281E+01  1.103357E+00
 1.783183E+01  1.105780E+00
 1.785085E+01  1.108209E+00
 1.786987E+01  1.110645E+00
 1.788889E+01  1.113088E+00
 1.790791E+01  1.115537E+00
 1.792693E+01  1.117993E+00
 1.794595E+01  1.120455E+00
 1.796496E+01  1.122924E+00
 1.798398E+01  1.125400E+00
 1.800300E+01  1.127882E+00
 1.802202E+01  1.130372E+00
 1.804104E+01  1.132867E+00
 1.806006E+01  1.135370E+00
 1.807908E+01  1.137879E+00
 1.809810E+01  1.140395E+00
 1.811712E+01  1.142917E+00
 1.813614E+01  1.145447E+00
 1.815516E+01  1.147983E+00
 1.817417E+01  1.150526E+00
 1.819319E+01  1.153076E+00
 1.821221E+01  1.155632E+00
 1.823123E+01  1.158195E+00
 1.825025E+01  1.160766E+00
 1.826927E+01  1.163342E+00
 1.828829E+01  1.165926E+00
 1.830731E+01  1.168517E+00
 1.832633E+01  1.171114E+00
 1.834535E+01  1.173719E+00
 1.836436E+01  1.176330E+00
 1.838338E+01  1.178948E+00
 1.840240E+01  1.181573E+00
 1.842142E+01  1.184205E+00
 1.844044E+01  1.186844E+00
 1.845946E+01  1.189490E+00
 1.847848E+01  1.192143E+00
 1.849750E+01  1.194803E+00
 1.851652E+01  1.197470E+00
 1.853554E+01  1.200144E+00
 1.855455E+01  1.202824E+00
 1.857357E+01  1.205512E+00
 1.859259E+01  1.208207E+00
 1.861161E+01  1.210909E+00
 1.863063E+01  1.213618E+00
 1.864965E+01  1.216334E+00
 1.866867E+01  1.219057E+00
 1.868769E+01  1.221787E+00
 1.870671E+01  1.224524E+00
 1.872573E+01  1.227269E+00
 1.874474E+01  1.230020E+00
 1.876376E+01  1.232779E+00
 1.878278E+01  1.235545E+00
 1.880180E+01  1.238318E+00
 1.882082E+01  1.241098E+00
 1.883984E+01  1.243885E+00
 1.885886E+01  1.246680E+00
 1.887788E+01  1.249481E+00
 1.889690E+01  1.252290E+00
 1.891592E+01  1.255106E+00
 1.893493E+01  1.257930E+00
 1.895395E+01  1.260760E+00
 1.897297E+01  1.263598E+00
 1.899199E+01  1.266443E+00
 1.901101E+01  1.269296E+00
 1.903003E+01  1.272156E+00
 1.904905E+01  1.275023E+00
 1.906807E+01  1.277897E+00
 1.908709E+01  1.280779E+00
 1.910611E+01  1.283668E+00
 1.912512E+01  1.286564E+00
 1.914414E+01  1.289468E+00
 1.916316E+01  1.292379E+00
 1.918218E+01  1.295298E+00
 1.920120E+01  1.298223E+00
 1.922022E+01  1.301157E+00
 1.923924E+01  1.304098E+00
 1.925826E+01  1.307046E+00
 1.927728E+01  1.310001E+00
 1.929630E+01  1.312965E+00
 1.931532E+01  1.315935E+00
 1.933433E+01  1.318913E+00
 1.935335E+01  1.321899E+00
 1.937237E+01  1.324892E+00
 1.939139E+01  1.327893E+00
 1.941041E+01  1.330901E+00
 1.942943E+01  1.333916E+00
 1.944845E+01  1.336940E+00
 1.946747E+01  1.339970E+00
 1.948649E+01  1.343009E+00
 1.950551E+01  1.346055E+00
 1.952452E+01  1.349108E+00
 1.954354E+01  1.352169E+00
 1.956256E+01  1.355238E+00
 1.958158E+01  1.358315E+00
 1.960060E+01  1.361399E+00
 1.961962E+01  1.364490E+00
 1.963864E+01  1.367590E+00
 1.965766E+01  1.370697E+00
 1.967668E+01  1.373812E+00
 1.969570E+01  1.376934E+00
 1.971471E+01  1.380064E+00
 1.973373E+01  1.383202E+00
 1.975275E+01  1.386348E+00
 1.977177E+01  1.389501E+00
 1.979079E+01  1.392663E+00
 1.980981E+01  1.395832E+00
 1.982883E+01  1.399008E+00
 1.984785E+01  1.402193E+00
 1.986687E+01  1.405385E+00
 1.988589E+01  1.408585E+00
 1.990490E+01  1.411793E+00
 1.992392E+01  1.415009E+00
 1.994294E+01  1.418233E+00
 1.996196E+01  1.421465E+00
 1.998098E+01  1.424704E+00
 2.000000E+01  1.427951E+00
