 1.000000E+00  4.300340E-01
 1.014014E+00  4.302743E-01
 1.028028E+00  4.305149E-01
 1.042042E+00  4.307558E-01
 1.056056E+00  4.309968E-01
 1.070070E+00  4.312381E-01
 1.084084E+00  4.314797E-01
 1.098098E+00  4.317215E-01
 1.112112E+00  4.319635E-01
 1.126126E+00  4.322058E-01
 1.140140E+00  4.324483E-01
 1.154154E+00  4.326911E-01
 1.168168E+00  4.329342E-01
 1.182182E+00  4.331775E-01
 1.196196E+00  4.334211E-01
 1.210210E+00  4.336650E-01
 1.224224E+00  4.339091E-01
 1.238238E+00  4.341536E-01
 1.252252E+00  4.343983E-01
 1.266266E+00  4.346433E-01
 1.280280E+00  4.348887E-01
 1.294294E+00  4.351343E-01
 1.308308E+00  4.353802E-01
 1.322322E+00  4.356265E-01
 1.336336E+00  4.358730E-01
 1.350350E+00  4.361199E-01
 1.364364E+00  4.363671E-01
 1.378378E+00  4.366146E-01
 1.392392E+00  4.368624E-01
 1.406406E+00  4.371106E-01
 1.420420E+00  4.373591E-01
 1.434434E+00  4.376080E-01
 1.448448E+00  4.378572E-01
 1.462462E+00  4.381068E-01
 1.476476E+00  4.383567E-01
 1.490490E+00  4.386069E-01
 1.504505E+00  4.388576E-01
 1.518519E+00  4.391086E-01
 1.532533E+00  4.393600E-01
 1.546547E+00  4.396117E-01
 1.560561E+00  4.398638E-01
 1.574575E+00  4.401163E-01
 1.588589E+00  4.403692E-01
 1.602603E+00  4.406225E-01
 1.616617E+00  4.408762E-01
 1.630631E+00  4.411303E-01
 1.644645E+00  4.413848E-01
 1.658659E+00  4.416397E-01
 1.672673E+00  4.418950E-01
 1.686687E+00  4.421507E-01
 1.700701E+00  4.424069E-01
 1.714715E+00  4.426634E-01
 1.728729E+00  4.429204E-01
 1.742743E+00  4.431779E-01
 1.756757E+00  4.434357E-01
 1.770771E+00  4.436941E-01
 1.784785E+00  4.439528E-01
 1.798799E+00  4.442120E-01
 1.812813E+00  4.444717E-01
 1.826827E+00  4.447318E-01
 1.840841E+00  4.449924E-01
 1.854855E+00  4.452534E-01
 1.868869E+00  4.455149E-01
 1.882883E+00  4.457769E-01
 1.896897E+00  4.460394E-01
 1.910911E+00  4.463023E-01
 1.924925E+00  4.465657E-01
 1.938939E+00  4.468297E-01
 1.952953E+00  4.470941E-01
 1.966967E+00  4.473590E-01
 1.980981E+00  4.476244E-01
 1.994995E+00  4.478903E-01
 2.009009E+00  4.481568E-01
 2.023023E+00  4.484237E-01
 2.037037E+00  4.486912E-01
 2.051051E+00  4.489592E-01
 2.065065E+00  4.492277E-01
 2.079079E+00  4.494968E-01
 2.093093E+00  4.497664E-01
 2.107107E+00  4.500365E-01
 2.121121E+00  4.503071E-01
 2.135135E+00  4.505784E-01
 2.149149E+00  4.508501E-01
 2.163163E+00  4.511225E-01
 2.177177E+00  4.513953E-01
 2.191191E+00  4.516688E-01
 2.205205E+00  4.519428E-01
 2.219219E+00  4.522174E-01
 2.233233E+00  4.524926E-01
 2.247247E+00  4.527683E-01
 2.261261E+00  4.530447E-01
 2.275275E+00  4.533216E-01
 2.289289E+00  4.535991E-01
 2.303303E+00  4.538772E-01
 2.317317E+00  4.541559E-01
 2.331331E+00  4.544352E-01
 2.345345E+00  4.547152E-01
 2.359359E+00  4.549957E-01
 2.373373E+00  4.552769E-01
 2.387387E+00  4.555587E-01
 2.401401E+00  4.558411E-01
 2.415415E+00  4.561241E-01
 2.429429E+00  4.564078E-01
 2.443443E+00  4.566921E-01
 2.457457E+00  4.569771E-01
 2.471471E+00  4.572627E-01
 2.485485E+00  4.575489E-01
 2.499500E+00  4.578358E-01
 2.513514E+00  4.581234E-01
 2.527528E+00  4.584116E-01
 2.541542E+00  4.587005E-01
 2.555556E+00  4.589901E-01
 2.569570E+00  4.592803E-01
 2.583584E+00  4.595712E-01
 2.597598E+00  4.598628E-01
 2.611612E+00  4.601551E-01
 2.625626E+00  4.604481E-01
 2.639640E+00  4.607418E-01
 2.653654E+00  4.610362E-01
 2.667668E+00  4.613312E-01
 2.681682E+00  4.616270E-01
 2.695696E+00  4.619235E-01
 2.709710E+00  4.622208E-01
 2.723724E+00  4.625187E-01
 2.737738E+00  4.628174E-01
 2.751752E+00  4.631168E-01
 2.765766E+00  4.634169E-01
 2.779780E+00  4.637178E-01
 2.793794E+00  4.640194E-01
 2.807808E+00  4.643217E-01
 2.821822E+00  4.646248E-01
 2.835836E+00  4.649287E-01
 2.849850E+00  4.652333E-01
 2.863864E+00  4.655387E-01
 2.877878E+00  4.658448E-01
 2.891892E+00  4.661517E-01
 2.905906E+00  4.664594E-01
 2.919920E+00  4.667678E-01
 2.933934E+00  4.670771E-01
 2.947948E+00  4.673871E-01
 2.961962E+00  4.676979E-01
 2.975976E+00  4.680096E-01
 2.989990E+00  4.683220E-01
 3.004004E+00  4.686352E-01
 3.018018E+00  4.689492E-01
 3.032032E+00  4.692640E-01
 3.046046E+00  4.695797E-01
 3.060060E+00  4.698962E-01
 3.074074E+00  4.702134E-01
 3.088088E+00  4.705316E-01
 3.102102E+00  4.708505E-01
 3.116116E+00  4.711703E-01
 3.130130E+00  4.714909E-01
 3.144144E+00  4.718124E-01
 3.158158E+00  4.721347E-01
 3.172172E+00  4.724579E-01
 3.186186E+00  4.727819E-01
 3.200200E+00  4.731068E-01
 3.214214E+00  4.734325E-01
 3.228228E+00  4.737592E-01
 3.242242E+00  4.740867E-01
 3.256256E+00  4.744150E-01
 3.270270E+00  4.747443E-01
 3.284284E+00  4.750744E-01
 3.298298E+00  4.754054E-01
 3.312312E+00  4.757374E-01
 3.326326E+00  4.760702E-01
 3.340340E+00  4.764039E-01
 3.354354E+00  4.767385E-01
 3.368368E+00  4.770740E-01
 3.382382E+00  4.774105E-01
 3.396396E+00  4.777478E-01
 3.410410E+00  4.780861E-01
 3.424424E+00  4.784253E-01
 3.438438E+00  4.787655E-01
 3.452452E+00  4.791066E-01
 3.466466E+00  4.794486E-01
 3.480480E+00  4.797915E-01
 3.494494E+00  4.801354E-01
 3.508509E+00  4.804803E-01
 3.522523E+00  4.808261E-01
 3.536537E+00  4.811729E-01
 3.550551E+00  4.815206E-01
 3.564565E+00  4.818693E-01
 3.578579E+00  4.822190E-01
 3.592593E+00  4.825696E-01
 3.606607E+00  4.829212E-01
 3.620621E+00  4.832739E-01
 3.634635E+00  4.836274E-01
 3.648649E+00  4.839820E-01
 3.662663E+00  4.843376E-01
 3.676677E+00  4.846942E-01
 3.690691E+00  4.850518E-01
 3.704705E+00  4.854104E-01
 3.718719E+00  4.857700E-01
 3.732733E+00  4.861306E-01
 3.746747E+00  4.864923E-01
 3.760761E+00  4.868549E-01
 3.774775E+00  4.872186E-01
 3.788789E+00  4.875834E-01
 3.802803E+00  4.879492E-01
 3.816817E+00  4.883160E-01
 3.830831E+00  4.886838E-01
 3.844845E+00  4.890527E-01
 3.858859E+00  4.894227E-01
 3.872873E+00  4.897937E-01
 3.886887E+00  4.901658E-01
 3.900901E+00  4.905389E-01
 3.914915E+00  4.909132E-01
 3.928929E+00  4.912884E-01
 3.942943E+00  4.916648E-01
 3.956957E+00  4.920423E-01
 3.970971E+00  4.924208E-01
 3.984985E+00  4.928004E-01
 3.998999E+00  4.931812E-01
 4.013013E+00  4.935630E-01
 4.027027E+00  4.939459E-01
 4.041041E+00  4.943299E-01
 4.055055E+00  4.947151E-01
 4.069069E+00  4.951013E-01
 4.083083E+00  4.954887E-01
 4.097097E+00  4.958772E-01
 4.111111E+00  4.962668E-01
 4.125125E+00  4.966576E-01
 4.139139E+00  4.970495E-01
 4.153153E+00  4.974425E-01
 4.167167E+00  4.978367E-01
 4.181181E+00  4.982320E-01
 4.195195E+00  4.986285E-01
 4.209209E+00  4.990262E-01
 4.223223E+00  4.994250E-01
 4.237237E+00  4.998249E-01
 4.251251E+00  5.002261E-01
 4.265265E+00  5.006284E-01
 4.279279E+00  5.010318E-01
 4.293293E+00  5.014365E-01
 4.307307E+00  5.018423E-01
 4.321321E+00  5.022494E-01
 4.335335E+00  5.026576E-01
 4.349349E+00  5.030670E-01
 4.363363E+00  5.034777E-01
 4.377377E+00  5.038895E-01
 4.391391E+00  5.043025E-01
 4.405405E+00  5.047168E-01
 4.419419E+00  5.051323E-01
 4.433433E+00  5.055490E-01
 4.447447E+00  5.059669E-01
 4.461461E+00  5.063861E-01
 4.475475E+00  5.068065E-01
 4.489489E+00  5.072281E-01
 4.503504E+00  5.076510E-01
 4.517518E+00  5.080751E-01
 4.531532E+00  5.085004E-01
 4.545546E+00  5.089271E-01
 4.559560E+00  5.093549E-01
 4.573574E+00  5.097841E-01
 4.587588E+00  5.102145E-01
 4.601602E+00  5.106462E-01
 4.615616E+00  5.110792E-01
 4.629630E+00  5.115134E-01
 4.643644E+00  5.119489E-01
 4.657658E+00  5.123857E-01
 4.671672E+00  5.128238E-01
 4.685686E+00  5.132632E-01
 4.699700E+00  5.137039E-01
 4.713714E+00  5.141459E-01
 4.727728E+00  5.145893E-01
 4.741742E+00  5.150339E-01
 4.755756E+00  5.154798E-01
 4.769770E+00  5.159271E-01
 4.783784E+00  5.163757E-01
 4.797798E+00  5.168256E-01
 4.811812E+00  5.172768E-01
 4.825826E+00  5.177294E-01
 4.839840E+00  5.181834E-01
 4.853854E+00  5.186386E-01
 4.867868E+00  5.190953E-01
 4.881882E+00  5.195532E-01
 4.895896E+00  5.200126E-01
 4.909910E+00  5.204733E-01
 4.923924E+00  5.209353E-01
 4.937938E+00  5.213988E-01
 4.951952E+00  5.218636E-01
 4.965966E+00  5.223298E-01
 4.979980E+00  5.227974E-01
 4.993994E+00  5.232663E-01
 5.008008E+00  5.237367E-01
 5.022022E+00  5.242084E-01
 5.036036E+00  5.246815E-01
 5.050050E+00  5.251561E-01
 5.064064E+00  5.256320E-01
 5.078078E+00  5.261094E-01
 5.092092E+00  5.265882E-01
 5.106106E+00  5.270684E-01
 5.120120E+00  5.275500E-01
 5.134134E+00  5.280331E-01
 5.148148E+00  5.285175E-01
 5.162162E+00  5.290035E-01
 5.176176E+00  5.294908E-01
 5.190190E+00  5.299796E-01
 5.204204E+00  5.304699E-01
 5.218218E+00  5.309616E-01
 5.232232E+00  5.314547E-01
 5.246246E+00  5.319493E-01
 5.260260E+00  5.324454E-01
 5.274274E+00  5.329430E-01
 5.288288E+00  5.334420E-01
 5.302302E+00  5.339425E-01
 5.316316E+00  5.344445E-01
 5.330330E+00  5.349480E-01
 5.344344E+00  5.354529E-01
 5.358358E+00  5.359594E-01
 5.372372E+00  5.364673E-01
 5.386386E+00  5.369768E-01
 5.400400E+00  5.374877E-01
 5.414414E+00  5.380002E-01
 5.428428E+00  5.385142E-01
 5.442442E+00  5.390297E-01
 5.456456E+00  5.395467E-01
 5.470470E+00  5.400653E-01
 5.484484E+00  5.405853E-01
 5.498499E+00  5.411070E-01
 5.512513E+00  5.416301E-01
 5.526527E+00  5.421548E-01
 5.540541E+00  5.426810E-01
 5.554555E+00  5.432088E-01
 5.568569E+00  5.437382E-01
 5.582583E+00  5.442691E-01
 5.596597E+00  5.448016E-01
 5.610611E+00  5.453356E-01
 5.624625E+00  5.458712E-01
 5.638639E+00  5.464084E-01
 5.652653E+00  5.469472E-01
 5.666667E+00  5.474875E-01
 5.680681E+00  5.480295E-01
 5.694695E+00  5.485730E-01
 5.708709E+00  5.491181E-01
 5.722723E+00  5.496649E-01
 5.736737E+00  5.502132E-01
 5.750751E+00  5.507631E-01
 5.764765E+00  5.513147E-01
 5.778779E+00  5.518679E-01
 5.792793E+00  5.524227E-01
 5.806807E+00  5.529791E-01
 5.820821E+00  5.535371E-01
 5.834835E+00  5.540968E-01
 5.848849E+00  5.546581E-01
 5.862863E+00  5.552211E-01
 5.876877E+00  5.557857E-01
 5.890891E+00  5.563519E-01
 5.904905E+00  5.569198E-01
 5.918919E+00  5.574894E-01
 5.932933E+00  5.580606E-01
 5.946947E+00  5.586335E-01
 5.960961E+00  5.592081E-01
 5.974975E+00  5.597843E-01
 5.988989E+00  5.603623E-01
 6.003003E+00  5.609419E-01
 6.017017E+00  5.615231E-01
 6.031031E+00  5.621061E-01
 6.045045E+00  5.626908E-01
 6.059059E+00  5.632772E-01
 6.073073E+00  5.638652E-01
 6.087087E+00  5.644550E-01
 6.101101E+00  5.650465E-01
 6.115115E+00  5.656397E-01
 6.129129E+00  5.662347E-01
 6.143143E+00  5.668313E-01
 6.157157E+00  5.674297E-01
 6.171171E+00  5.680298E-01
 6.185185E+00  5.686317E-01
 6.199199E+00  5.692353E-01
 6.213213E+00  5.698406E-01
 6.227227E+00  5.704477E-01
 6.241241E+00  5.710565E-01
 6.255255E+00  5.716671E-01
 6.269269E+00  5.722794E-01
 6.283283E+00  5.728936E-01
 6.297297E+00  5.735095E-01
 6.311311E+00  5.741271E-01
 6.325325E+00  5.747466E-01
 6.339339E+00  5.753678E-01
 6.353353E+00  5.759908E-01
 6.367367E+00  5.766156E-01
 6.381381E+00  5.772422E-01
 6.395395E+00  5.778705E-01
 6.409409E+00  5.785007E-01
 6.423423E+00  5.791327E-01
 6.437437E+00  5.797665E-01
 6.451451E+00  5.804021E-01
 6.465465E+00  5.810396E-01
 6.479479E+00  5.816788E-01
 6.493494E+00  5.823199E-01
 6.507508E+00  5.829628E-01
 6.521522E+00  5.836076E-01
 6.535536E+00  5.842542E-01
 6.549550E+00  5.849026E-01
 6.563564E+00  5.855529E-01
 6.577578E+00  5.862050E-01
 6.591592E+00  5.868590E-01
 6.605606E+00  5.875149E-01
 6.619620E+00  5.881726E-01
 6.633634E+00  5.888321E-01
 6.647648E+00  5.894936E-01
 6.661662E+00  5.901569E-01
 6.675676E+00  5.908221E-01
 6.689690E+00  5.914892E-01
 6.703704E+00  5.921582E-01
 6.717718E+00  5.928291E-01
 6.731732E+00  5.935018E-01
 6.745746E+00  5.941765E-01
 6.759760E+00  5.948531E-01
 6.773774E+00  5.955315E-01
 6.787788E+00  5.962119E-01
 6.801802E+00  5.968942E-01
 6.815816E+00  5.975785E-01
 6.829830E+00  5.982646E-01
 6.843844E+00  5.989527E-01
 6.857858E+00  5.996427E-01
 6.871872E+00  6.003347E-01
 6.885886E+00  6.010286E-01
 6.899900E+00  6.017244E-01
 6.913914E+00  6.024222E-01
 6.927928E+00  6.031220E-01
 6.941942E+00  6.038237E-01
 6.955956E+00  6.045274E-01
 6.969970E+00  6.052330E-01
 6.983984E+00  6.059406E-01
 6.997998E+00  6.066502E-01
 7.012012E+00  6.073617E-01
 7.026026E+00  6.080753E-01
 7.040040E+00  6.087908E-01
 7.054054E+00  6.095083E-01
 7.068068E+00  6.102278E-01
 7.082082E+00  6.109494E-01
 7.096096E+00  6.116729E-01
 7.110110E+00  6.123984E-01
 7.124124E+00  6.131259E-01
 7.138138E+00  6.138555E-01
 7.152152E+00  6.145871E-01
 7.166166E+00  6.153207E-01
 7.180180E+00  6.160563E-01
 7.194194E+00  6.167939E-01
 7.208208E+00  6.175336E-01
 7.222222E+00  6.182754E-01
 7.236236E+00  6.190192E-01
 7.250250E+00  6.197650E-01
 7.264264E+00  6.205129E-01
 7.278278E+00  6.212628E-01
 7.292292E+00  6.220148E-01
 7.306306E+00  6.227689E-01
 7.320320E+00  6.235250E-01
 7.334334E+00  6.242832E-01
 7.348348E+00  6.250435E-01
 7.362362E+00  6.258058E-01
 7.376376E+00  6.265703E-01
 7.390390E+00  6.273368E-01
 7.404404E+00  6.281055E-01
 7.418418E+00  6.288762E-01
 7.432432E+00  6.296490E-01
 7.446446E+00  6.304240E-01
 7.460460E+00  6.312010E-01
 7.474474E+00  6.319802E-01
 7.488489E+00  6.327615E-01
 7.502503E+00  6.335449E-01
 7.516517E+00  6.343304E-01
 7.530531E+00  6.351181E-01
 7.544545E+00  6.359079E-01
 7.558559E+00  6.366998E-01
 7.572573E+00  6.374939E-01
 7.586587E+00  6.382901E-01
 7.600601E+00  6.390885E-01
 7.614615E+00  6.398890E-01
 7.628629E+00  6.406917E-01
 7.642643E+00  6.414966E-01
 7.656657E+00  6.423036E-01
 7.670671E+00  6.431128E-01
 7.684685E+00  6.439242E-01
 7.698699E+00  6.447377E-01
 7.712713E+00  6.455535E-01
 7.726727E+00  6.463714E-01
 7.740741E+00  6.471915E-01
 7.754755E+00  6.480138E-01
 7.768769E+00  6.488383E-01
 7.782783E+00  6.496650E-01
 7.796797E+00  6.504940E-01
 7.810811E+00  6.513251E-01
 7.824825E+00  6.521585E-01
 7.838839E+00  6.529941E-01
 7.852853E+00  6.538319E-01
 7.866867E+00  6.546719E-01
 7.880881E+00  6.555142E-01
 7.894895E+00  6.563587E-01
 7.908909E+00  6.572054E-01
 7.922923E+00  6.580544E-01
 7.936937E+00  6.589057E-01
 7.950951E+00  6.597592E-01
 7.964965E+00  6.606149E-01
 7.978979E+00  6.614730E-01
 7.992993E+00  6.623332E-01
 8.007007E+00  6.631958E-01
 8.021021E+00  6.640606E-01
 8.035035E+00  6.649277E-01
 8.049049E+00  6.657971E-01
 8.063063E+00  6.666688E-01
 8.077077E+00  6.675428E-01
 8.091091E+00  6.684191E-01
 8.105105E+00  6.692976E-01
 8.119119E+00  6.701785E-01
 8.133133E+00  6.710617E-01
 8.147147E+00  6.719472E-01
 8.161161E+00  6.728350E-01
 8.175175E+00  6.737251E-01
 8.189189E+00  6.746176E-01
 8.203203E+00  6.755123E-01
 8.217217E+00  6.764094E-01
 8.231231E+00  6.773089E-01
 8.245245E+00  6.782107E-01
 8.259259E+00  6.791148E-01
 8.273273E+00  6.800213E-01
 8.287287E+00  6.809301E-01
 8.301301E+00  6.818413E-01
 8.315315E+00  6.827549E-01
 8.329329E+00  6.836708E-01
 8.343343E+00  6.845891E-01
 8.357357E+00  6.855097E-01
 8.371371E+00  6.864328E-01
 8.385385E+00  6.873582E-01
 8.399399E+00  6.882860E-01
 8.413413E+00  6.892162E-01
 8.427427E+00  6.901488E-01
 8.441441E+00  6.910838E-01
 8.455455E+00  6.920212E-01
 8.469469E+00  6.929610E-01
 8.483483E+00  6.939032E-01
 8.497498E+00  6.948478E-01
 8.511512E+00  6.957948E-01
 8.525526E+00  6.967443E-01
 8.539540E+00  6.976962E-01
 8.553554E+00  6.986505E-01
 8.567568E+00  6.996073E-01
 8.581582E+00  7.005665E-01
 8.595596E+00  7.015281E-01
 8.609610E+00  7.024922E-01
 8.623624E+00  7.034587E-01
 8.637638E+00  7.044277E-01
 8.651652E+00  7.053992E-01
 8.665666E+00  7.063731E-01
 8.679680E+00  7.073495E-01
 8.693694E+00  7.083283E-01
 8.707708E+00  7.093097E-01
 8.721722E+00  7.102935E-01
 8.735736E+00  7.112798E-01
 8.749750E+00  7.122686E-01
 8.763764E+00  7.132598E-01
 8.777778E+00  7.142536E-01
 8.791792E+00  7.152499E-01
 8.805806E+00  7.162487E-01
 8.819820E+00  7.172500E-01
 8.833834E+00  7.182538E-01
 8.847848E+00  7.192601E-01
 8.861862E+00  7.202689E-01
 8.875876E+00  7.212803E-01
 8.889890E+00  7.222942E-01
 8.903904E+00  7.233106E-01
 8.917918E+00  7.243296E-01
 8.931932E+00  7.253511E-01
 8.945946E+00  7.263752E-01
 8.959960E+00  7.274018E-01
 8.973974E+00  7.284309E-01
 8.987988E+00  7.294627E-01
 9.002002E+00  7.304969E-01
 9.016016E+00  7.315338E-01
 9.030030E+00  7.325732E-01
 9.044044E+00  7.336152E-01
 9.058058E+00  7.346598E-01
 9.072072E+00  7.357069E-01
 9.086086E+00  7.367567E-01
 9.100100E+00  7.378090E-01
 9.114114E+00  7.388640E-01
 9.128128E+00  7.399215E-01
 9.142142E+00  7.409816E-01
 9.156156E+00  7.420444E-01
 9.170170E+00  7.431097E-01
 9.184184E+00  7.441777E-01
 9.198198E+00  7.452483E-01
 9.212212E+00  7.463215E-01
 9.226226E+00  7.473973E-01
 9.240240E+00  7.484758E-01
 9.254254E+00  7.495569E-01
 9.268268E+00  7.506407E-01
 9.282282E+00  7.517271E-01
 9.296296E+00  7.528161E-01
 9.310310E+00  7.539078E-01
 9.324324E+00  7.550022E-01
 9.338338E+00  7.560992E-01
 9.352352E+00  7.571989E-01
 9.366366E+00  7.583012E-01
 9.380380E+00  7.594063E-01
 9.394394E+00  7.605140E-01
 9.408408E+00  7.616244E-01
 9.422422E+00  7.627374E-01
 9.436436E+00  7.638532E-01
 9.450450E+00  7.649717E-01
 9.464464E+00  7.660928E-01
 9.478478E+00  7.672167E-01
 9.492493E+00  7.683432E-01
 9.506507E+00  7.694725E-01
 9.520521E+00  7.706045E-01
 9.534535E+00  7.717392E-01
 9.548549E+00  7.728766E-01
 9.562563E+00  7.740168E-01
 9.576577E+00  7.751597E-01
 9.590591E+00  7.763053E-01
 9.604605E+00  7.774537E-01
 9.618619E+00  7.786048E-01
 9.632633E+00  7.797586E-01
 9.646647E+00  7.809152E-01
 9.660661E+00  7.820746E-01
 9.674675E+00  7.832367E-01
 9.688689E+00  7.844016E-01
 9.702703E+00  7.855693E-01
 9.716717E+00  7.867397E-01
 9.730731E+00  7.879129E-01
 9.744745E+00  7.890889E-01
 9.758759E+00  7.902677E-01
 9.772773E+00  7.914492E-01
 9.786787E+00  7.926336E-01
 9.800801E+00  7.938207E-01
 9.814815E+00  7.950107E-01
 9.828829E+00  7.962034E-01
 9.842843E+00  7.973990E-01
 9.856857E+00  7.985974E-01
 9.870871E+00  7.997985E-01
 9.884885E+00  8.010026E-01
 9.898899E+00  8.022094E-01
 9.912913E+00  8.034191E-01
 9.926927E+00  8.046316E-01
 9.940941E+00  8.058469E-01
 9.954955E+00  8.070651E-01
 9.968969E+00  8.082861E-01
 9.982983E+00  8.095100E-01
 9.996997E+00  8.107368E-01
 1.001101E+01  8.119664E-01
 1.002503E+01  8.131988E-01
 1.003904E+01  8.144341E-01
 1.005305E+01  8.156723E-01
 1.006707E+01  8.169134E-01
 1.008108E+01  8.181573E-01
 1.009510E+01  8.194042E-01
 1.010911E+01  8.206539E-01
 1.012312E+01  8.219065E-01
 1.013714E+01  8.231620E-01
 1.015115E+01  8.244204E-01
 1.016517E+01  8.256817E-01
 1.017918E+01  8.269460E-01
 1.019319E+01  8.282131E-01
 1.020721E+01  8.294831E-01
 1.022122E+01  8.307561E-01
 1.023524E+01  8.320320E-01
 1.024925E+01  8.333108E-01
 1.026326E+01  8.345926E-01
 1.027728E+01  8.358773E-01
 1.029129E+01  8.371649E-01
 1.030531E+01  8.384555E-01
 1.031932E+01  8.397490E-01
 1.033333E+01  8.410455E-01
 1.034735E+01  8.423449E-01
 1.036136E+01  8.436473E-01
 1.037538E+01  8.449527E-01
 1.038939E+01  8.462610E-01
 1.040340E+01  8.475723E-01
 1.041742E+01  8.488866E-01
 1.043143E+01  8.502038E-01
 1.044545E+01  8.515241E-01
 1.045946E+01  8.528473E-01
 1.047347E+01  8.541736E-01
 1.048749E+01  8.555028E-01
 1.050150E+01  8.568350E-01
 1.051552E+01  8.581703E-01
 1.052953E+01  8.595085E-01
 1.054354E+01  8.608498E-01
 1.055756E+01  8.621941E-01
 1.057157E+01  8.635414E-01
 1.058559E+01  8.648917E-01
 1.059960E+01  8.662451E-01
 1.061361E+01  8.676015E-01
 1.062763E+01  8.689610E-01
 1.064164E+01  8.703235E-01
 1.065566E+01  8.716890E-01
 1.066967E+01  8.730576E-01
 1.068368E+01  8.744292E-01
 1.069770E+01  8.758039E-01
 1.071171E+01  8.771817E-01
 1.072573E+01  8.785625E-01
 1.073974E+01  8.799464E-01
 1.075375E+01  8.813334E-01
 1.076777E+01  8.827235E-01
 1.078178E+01  8.841166E-01
 1.079580E+01  8.855129E-01
 1.080981E+01  8.869122E-01
 1.082382E+01  8.883146E-01
 1.083784E+01  8.897202E-01
 1.085185E+01  8.911288E-01
 1.086587E+01  8.925406E-01
 1.087988E+01  8.939554E-01
 1.089389E+01  8.953734E-01
 1.090791E+01  8.967945E-01
 1.092192E+01  8.982187E-01
 1.093594E+01  8.996461E-01
 1.094995E+01  9.010766E-01
 1.096396E+01  9.025102E-01
 1.097798E+01  9.039470E-01
 1.099199E+01  9.053869E-01
 1.100601E+01  9.068299E-01
 1.102002E+01  9.082762E-01
 1.103403E+01  9.097255E-01
 1.104805E+01  9.111781E-01
 1.106206E+01  9.126338E-01
 1.107608E+01  9.140927E-01
 1.109009E+01  9.155547E-01
 1.110410E+01  9.170200E-01
 1.111812E+01  9.184884E-01
 1.113213E+01  9.199600E-01
 1.114615E+01  9.214348E-01
 1.116016E+01  9.229128E-01
 1.117417E+01  9.243940E-01
 1.118819E+01  9.258784E-01
 1.120220E+01  9.273660E-01
 1.121622E+01  9.288568E-01
 1.123023E+01  9.303508E-01
 1.124424E+01  9.318481E-01
 1.125826E+01  9.333486E-01
 1.127227E+01  9.348523E-01
 1.128629E+01  9.363592E-01
 1.130030E+01  9.378694E-01
 1.131431E+01  9.393828E-01
 1.132833E+01  9.408995E-01
 1.134234E+01  9.424194E-01
 1.135636E+01  9.439425E-01
 1.137037E+01  9.454690E-01
 1.138438E+01  9.469987E-01
 1.139840E+01  9.485316E-01
 1.141241E+01  9.500678E-01
 1.142643E+01  9.516073E-01
 1.144044E+01  9.531501E-01
 1.145445E+01  9.546961E-01
 1.146847E+01  9.562455E-01
 1.148248E+01  9.577981E-01
 1.149650E+01  9.593540E-01
 1.151051E+01  9.609133E-01
 1.152452E+01  9.624758E-01
 1.153854E+01  9.640416E-01
 1.155255E+01  9.656108E-01
 1.156657E+01  9.671832E-01
 1.158058E+01  9.687590E-01
 1.159459E+01  9.703381E-01
 1.160861E+01  9.719205E-01
 1.162262E+01  9.735063E-01
 1.163664E+01  9.750954E-01
 1.165065E+01  9.766878E-01
 1.166466E+01  9.782836E-01
 1.167868E+01  9.798827E-01
 1.169269E+01  9.814852E-01
 1.170671E+01  9.830911E-01
 1.172072E+01  9.847003E-01
 1.173473E+01  9.863128E-01
 1.174875E+01  9.879287E-01
 1.176276E+01  9.895480E-01
 1.177678E+01  9.911707E-01
 1.179079E+01  9.927968E-01
 1.180480E+01  9.944262E-01
 1.181882E+01  9.960591E-01
 1.183283E+01  9.976953E-01
 1.184685E+01  9.993349E-01
 1.186086E+01  1.000978E+00
 1.187487E+01  1.002624E+00
 1.188889E+01  1.004274E+00
 1.190290E+01  1.005927E+00
 1.191692E+01  1.007584E+00
 1.193093E+01  1.009244E+00
 1.194494E+01  1.010908E+00
 1.195896E+01  1.012575E+00
 1.197297E+01  1.014245E+00
 1.198699E+01  1.015919E+00
 1.200100E+01  1.017596E+00
 1.201502E+01  1.019277E+00
 1.202903E+01  1.020961E+00
 1.204304E+01  1.022649E+00
 1.205706E+01  1.024340E+00
 1.207107E+01  1.026034E+00
 1.208509E+01  1.027732E+00
 1.209910E+01  1.029434E+00
 1.211311E+01  1.031139E+00
 1.212713E+01  1.032847E+00
 1.214114E+01  1.034559E+00
 1.215516E+01  1.036274E+00
 1.216917E+01  1.037993E+00
 1.218318E+01  1.039716E+00
 1.219720E+01  1.041442E+00
 1.221121E+01  1.043171E+00
 1.222523E+01  1.044904E+00
 1.223924E+01  1.046640E+00
 1.225325E+01  1.048380E+00
 1.226727E+01  1.050124E+00
 1.228128E+01  1.051871E+00
 1.229530E+01  1.053621E+00
 1.230931E+01  1.055375E+00
 1.232332E+01  1.057133E+00
 1.233734E+01  1.058894E+00
 1.235135E+01  1.060659E+00
 1.236537E+01  1.062427E+00
 1.237938E+01  1.064199E+00
 1.239339E+01  1.065974E+00
 1.240741E+01  1.067753E+00
 1.242142E+01  1.069535E+00
 1.243544E+01  1.071321E+00
 1.244945E+01  1.073111E+00
 1.246346E+01  1.074904E+00
 1.247748E+01  1.076701E+00
 1.249149E+01  1.078501E+00
 1.250551E+01  1.080305E+00
 1.251952E+01  1.082113E+00
 1.253353E+01  1.083924E+00
 1.254755E+01  1.085738E+00
 1.256156E+01  1.087557E+00
 1.257558E+01  1.089379E+00
 1.258959E+01  1.091204E+00
 1.260360E+01  1.093033E+00
 1.261762E+01  1.094866E+00
 1.263163E+01  1.096703E+00
 1.264565E+01  1.098543E+00
 1.265966E+01  1.100386E+00
 1.267367E+01  1.102234E+00
 1.268769E+01  1.104085E+00
 1.270170E+01  1.105939E+00
 1.271572E+01  1.107798E+00
 1.272973E+01  1.109660E+00
 1.274374E+01  1.111525E+00
 1.275776E+01  1.113394E+00
 1.277177E+01  1.115267E+00
 1.278579E+01  1.117144E+00
 1.279980E+01  1.119024E+00
 1.281381E+01  1.120908E+00
 1.282783E+01  1.122796E+00
 1.284184E+01  1.124687E+00
 1.285586E+01  1.126582E+00
 1.286987E+01  1.128481E+00
 1.288388E+01  1.130383E+00
 1.289790E+01  1.132290E+00
 1.291191E+01  1.134199E+00
 1.292593E+01  1.136113E+00
 1.293994E+01  1.138030E+00
 1.295395E+01  1.139951E+00
 1.296797E+01  1.141876E+00
 1.298198E+01  1.143804E+00
 1.299600E+01  1.145737E+00
 1.301001E+01  1.147673E+00
 1.302402E+01  1.149612E+00
 1.303804E+01  1.151556E+00
 1.305205E+01  1.153503E+00
 1.306607E+01  1.155454E+00
 1.308008E+01  1.157408E+00
 1.309409E+01  1.159367E+00
 1.310811E+01  1.161329E+00
 1.312212E+01  1.163295E+00
 1.313614E+01  1.165265E+00
 1.315015E+01  1.167238E+00
 1.316416E+01  1.169216E+00
 1.317818E+01  1.171197E+00
 1.319219E+01  1.173182E+00
 1.320621E+01  1.175170E+00
 1.322022E+01  1.177163E+00
 1.323423E+01  1.179159E+00
 1.324825E+01  1.181159E+00
 1.326226E+01  1.183163E+00
 1.327628E+01  1.185171E+00
 1.329029E+01  1.187183E+00
 1.330430E+01  1.189198E+00
 1.331832E+01  1.191217E+00
 1.333233E+01  1.193240E+00
 1.334635E+01  1.195267E+00
 1.336036E+01  1.197298E+00
 1.337437E+01  1.199332E+00
 1.338839E+01  1.201371E+00
 1.340240E+01  1.203413E+00
 1.341642E+01  1.205459E+00
 1.343043E+01  1.207509E+00
 1.344444E+01  1.209563E+00
 1.345846E+01  1.211621E+00
 1.347247E+01  1.213682E+00
 1.348649E+01  1.215748E+00
 1.350050E+01  1.217817E+00
 1.351451E+01  1.219890E+00
 1.352853E+01  1.221968E+00
 1.354254E+01  1.224049E+00
 1.355656E+01  1.226134E+00
 1.357057E+01  1.228222E+00
 1.358458E+01  1.230315E+00
 1.359860E+01  1.232412E+00
 1.361261E+01  1.234512E+00
 1.362663E+01  1.236617E+00
 1.364064E+01  1.238725E+00
 1.365465E+01  1.240838E+00
 1.366867E+01  1.242954E+00
 1.368268E+01  1.245074E+00
 1.369670E+01  1.247198E+00
 1.371071E+01  1.249326E+00
 1.372472E+01  1.251458E+00
 1.373874E+01  1.253594E+00
 1.375275E+01  1.255734E+00
 1.376677E+01  1.257878E+00
 1.378078E+01  1.260026E+00
 1.379479E+01  1.262178E+00
 1.380881E+01  1.264334E+00
 1.382282E+01  1.266494E+00
 1.383684E+01  1.268657E+00
 1.385085E+01  1.270825E+00
 1.386486E+01  1.272997E+00
 1.387888E+01  1.275173E+00
 1.389289E+01  1.277352E+00
 1.390691E+01  1.279536E+00
 1.392092E+01  1.281724E+00
 1.393493E+01  1.283916E+00
 1.394895E+01  1.286111E+00
 1.396296E+01  1.288311E+00
 1.397698E+01  1.290515E+00
 1.399099E+01  1.292723E+00
 1.400501E+01  1.294935E+00
 1.401902E+01  1.297151E+00
 1.403303E+01  1.299371E+00
 1.404705E+01  1.301595E+00
 1.406106E+01  1.303823E+00
 1.407508E+01  1.306055E+00
 1.408909E+01  1.308291E+00
 1.410310E+01  1.310531E+00
 1.411712E+01  1.312775E+00
 1.413113E+01  1.315024E+00
 1.414515E+01  1.317276E+00
 1.415916E+01  1.319533E+00
 1.417317E+01  1.321793E+00
 1.418719E+01  1.324058E+00
 1.420120E+01  1.326326E+00
 1.421522E+01  1.328599E+00
 1.422923E+01  1.330876E+00
 1.424324E+01  1.333157E+00
 1.425726E+01  1.335442E+00
 1.427127E+01  1.337732E+00
 1.428529E+01  1.340025E+00
 1.429930E+01  1.342322E+00
 1.431331E+01  1.344624E+00
 1.432733E+01  1.346930E+00
 1.434134E+01  1.349240E+00
 1.435536E+01  1.351554E+00
 1.436937E+01  1.353872E+00
 1.438338E+01  1.356194E+00
 1.439740E+01  1.358520E+00
 1.441141E+01  1.360851E+00
 1.442543E+01  1.363185E+00
 1.443944E+01  1.365524E+00
 1.445345E+01  1.367867E+00
 1.446747E+01  1.370215E+00
 1.448148E+01  1.372566E+00
 1.449550E+01  1.374921E+00
 1.450951E+01  1.377281E+00
 1.452352E+01  1.379645E+00
 1.453754E+01  1.382013E+00
 1.455155E+01  1.384385E+00
 1.456557E+01  1.386762E+00
 1.457958E+01  1.389142E+00
 1.459359E+01  1.391527E+00
 1.460761E+01  1.393916E+00
 1.462162E+01  1.396310E+00
 1.463564E+01  1.398707E+00
 1.464965E+01  1.401109E+00
 1.466366E+01  1.403515E+00
 1.467768E+01  1.405925E+00
 1.469169E+01  1.408339E+00
 1.470571E+01  1.410758E+00
 1.471972E+01  1.413181E+00
 1.473373E+01  1.415608E+00
 1.474775E+01  1.418039E+00
 1.476176E+01  1.420475E+00
 1.477578E+01  1.422915E+00
 1.478979E+01  1.425359E+00
 1.480380E+01  1.427807E+00
 1.481782E+01  1.430260E+00
 1.483183E+01  1.432717E+00
 1.484585E+01  1.435178E+00
 1.485986E+01  1.437644E+00
 1.487387E+01  1.440114E+00
 1.488789E+01  1.442588E+00
 1.490190E+01  1.445066E+00
 1.491592E+01  1.447549E+00
 1.492993E+01  1.450036E+00
 1.494394E+01  1.452527E+00
 1.495796E+01  1.455023E+00
 1.497197E+01  1.457522E+00
 1.498599E+01  1.460027E+00
 1.500000E+01  1.462535E+00
