 1.000000E-01  1.000000E-01  1.000000E-01
-1.336667E-01  3.336667E-01 -1.336667E-01
-1.146667E-01  3.146667E-01 -1.146667E-01
-3.971962E-01  6.698016E-02  6.849715E-03
 1.000000E-01  1.000000E-01  1.000000E-01
 1.000000E-01  1.000000E-01  1.000000E-01
-6.733333E-02  2.673333E-01 -6.733333E-02
-2.805030E-01  3.919988E-02  1.668857E-03
-2.971906E-01  3.017340E-02  1.124020E-03
-2.512797E-01  3.165759E-02  1.067265E-03
 1.000000E-01  1.000000E-01  1.000000E-01
-5.033333E-02  2.503333E-01 -5.033333E-02
-2.558452E-01  2.237309E-02  5.972188E-04
 1.000000E-01  1.000000E-01  1.000000E-01
-4.515821E-01 -5.801324E-03  1.337987E-04
 1.000000E-01  1.000000E-01  1.000000E-01
-4.900000E-02  2.490000E-01 -4.900000E-02
-2.684482E-01  3.217554E-02  2.071808E-03
-2.581829E-01  8.484127E-03 -1.715100E-03
-2.230049E-01  1.445238E-02 -4.145299E-04
-5.250653E-02  4.696355E-02  1.957533E-03
-4.433234E-02  3.821386E-02  1.284693E-03
-4.158267E-02  3.380700E-02  1.020325E-03
-1.109588E-01  1.898452E-02  3.894114E-04
-1.192458E-01  1.582248E-02  2.674297E-04
-1.315596E-01  1.337416E-02  1.953932E-04
 1.000000E-01  1.000000E-01  1.000000E-01
 1.000000E-01  1.000000E-01  1.000000E-01
 1.566667E-02  1.843333E-01  1.566667E-02
 1.600000E-02  1.840000E-01  1.600000E-02
-8.928734E-02  2.144841E-02  6.118234E-04
-8.888711E-02  7.248124E-03 -8.791581E-04
-6.877674E-02  1.691116E-02  4.728087E-04
-8.020625E-02  1.597018E-02  5.884280E-04
-8.742288E-02  1.328163E-02  4.437976E-04
-1.316149E-01  3.243207E-03 -4.139284E-06
-1.284461E-01  3.797005E-03  3.425191E-05
 1.000000E-01  1.000000E-01  1.000000E-01
 1.000000E-01  1.000000E-01  1.000000E-01
 1.900000E-02  1.810000E-01  1.900000E-02
-2.344129E-02  4.781349E-02  4.514245E-03
-3.769567E-02  2.326190E-02  1.049145E-03
-1.061779E-01  7.152097E-03  2.652074E-04
-6.604434E-02  1.267833E-02  5.010285E-04
-9.492241E-02  5.025231E-03  7.259056E-05
-8.141031E-02  7.734899E-03  2.583860E-04
-9.891949E-02  3.271733E-03  5.608851E-05
 4.766667E-02  1.523333E-01  4.766667E-02
 2.866667E-02  1.713333E-01  2.866667E-02
 5.466667E-02  1.453333E-01  5.466667E-02
 1.000000E-01  1.000000E-01  1.000000E-01
-6.575314E-02  3.792720E-03  1.030270E-04
-1.040116E-01 -6.310930E-03 -5.482454E-04
 1.000000E-01  1.000000E-01  1.000000E-01
-8.967406E-02 -3.314087E-03 -3.038406E-04
 5.000000E-02  1.500000E-01  5.000000E-02
-3.989174E-02  1.048413E-02  9.387464E-04
 3.063297E-03  1.613434E-02  1.000651E-03
-2.181892E-03  6.399970E-03  1.203744E-04
 1.672024E-02  8.604191E-03  2.142260E-04
 1.000000E-01  1.000000E-01  1.000000E-01
-1.318463E-02 -1.735731E-03 -3.967270E-04
 1.057081E-03  3.557309E-03  1.563923E-05
-2.044639E-02 -9.773173E-04 -1.824893E-04
 1.000000E-01  1.000000E-01  1.000000E-01
 1.000000E-01  1.000000E-01  1.000000E-01
 4.466667E-02  1.553333E-01  4.466667E-02
 5.200000E-02  1.480000E-01  5.200000E-02
-9.658719E-03  2.021471E-02  1.882312E-03
-2.575661E-02  2.730159E-03 -5.925926E-04
-5.985780E-02  5.678769E-04  1.212260E-04
 6.166667E-02  1.383333E-01  6.166667E-02
-4.345040E-02  4.602303E-06  7.262594E-06
-2.081327E-02  2.887284E-03  1.029978E-04
 1.256073E-02  8.644870E-03  3.345903E-04
-3.584191E-02 -3.802337E-03 -3.877662E-04
 4.996283E-03  6.139486E-03  2.058421E-04
 1.525412E-02  6.580493E-03  2.019450E-04
 1.000000E-01  1.000000E-01  1.000000E-01
 1.000000E-01  1.000000E-01  1.000000E-01
 1.000000E-01  1.000000E-01  1.000000E-01
 6.200000E-02  1.380000E-01  6.200000E-02
 1.581186E-02  2.042460E-02  2.250712E-03
 1.000000E-01  1.000000E-01  1.000000E-01
-2.605535E-02 -3.371082E-04 -2.518804E-05
-1.595899E-02  2.587302E-03  3.240741E-04
-7.246257E-03  1.172293E-03  1.405389E-05
-1.002027E-02  9.911973E-04  1.492498E-05
-1.359589E-02 -1.392903E-03 -1.990286E-04
-1.996256E-03 -2.183372E-04 -1.459692E-04
-1.132111E-04  1.910058E-03  4.667675E-05
 1.620130E-03  2.046766E-03  5.223940E-05
-3.260190E-03  9.585013E-04  9.036597E-06
-4.204355E-02 -7.960317E-03 -5.712251E-04
-6.075224E-03  2.899870E-04 -1.249581E-05
 6.466667E-02  1.353333E-01  6.466667E-02
-3.435880E-02 -8.340896E-03 -7.937009E-04
-9.550122E-03 -2.374481E-04 -2.047230E-05
-9.135459E-03 -5.293285E-04 -3.605556E-05
-9.304069E-03  2.823670E-04  1.647562E-05
-3.662361E-03  8.494499E-04  3.373646E-05
-1.029544E-02 -3.966494E-04 -2.015125E-05
-6.251445E-03  2.482015E-06 -7.876680E-06
-1.036867E-03  5.791944E-04  9.113949E-06
 1.225957E-02  3.660062E-03  2.064063E-04
-3.588901E-03 -4.224294E-04 -5.879118E-05
 1.000000E-01  1.000000E-01  1.000000E-01
 1.555535E-02  4.575397E-03  4.480057E-04
 5.259475E-03  7.217619E-04  9.180999E-06
 6.492575E-03  9.466445E-04  1.962636E-05
-8.182611E-03 -1.038484E-03  1.496903E-05
-4.401964E-03 -5.530134E-04 -2.835978E-05
 6.300000E-02  1.370000E-01  6.300000E-02
 5.900000E-02  1.410000E-01  5.900000E-02
 6.166667E-02  1.383333E-01  6.166667E-02
-1.489703E-02  1.358052E-03  2.610569E-04
 1.000000E-01  1.000000E-01  1.000000E-01
-7.810449E-03  1.999743E-03  1.698005E-04
-1.737180E-02 -1.528260E-04  2.976520E-05
-1.775268E-02 -9.773903E-04 -1.914396E-05
 6.900000E-02  1.310000E-01  6.900000E-02
 6.366667E-02  1.363333E-01  6.366667E-02
-2.044427E-03 -1.837362E-03 -2.863665E-04
-1.677768E-02 -7.519841E-03 -8.490028E-04
 4.467732E-04  1.156814E-03  3.790323E-05
 8.040233E-03  1.765980E-03  5.306420E-05
 5.900000E-02  1.410000E-01  5.900000E-02
 6.600000E-02  1.340000E-01  6.600000E-02
 1.000000E-01  1.000000E-01  1.000000E-01
-4.781535E-03 -5.610006E-04 -3.754763E-05
 1.470404E-02  3.608116E-03  1.986643E-04
 3.583894E-03  3.245416E-04 -4.672642E-06
 8.433245E-03  7.075061E-04  5.595910E-06
 7.000000E-02  1.300000E-01  7.000000E-02
-4.295902E-03 -4.579920E-03 -4.372542E-04
 1.093223E-02  1.464286E-03  1.858974E-04
 6.343526E-03 -4.512011E-04 -1.777931E-05
 2.467806E-02  5.646825E-03  5.505698E-04
 1.626297E-02  9.066304E-04  2.334568E-05
 5.730047E-03 -7.846563E-04 -4.928426E-05
 1.000000E-01  1.000000E-01  1.000000E-01
 1.000000E-01  1.000000E-01  1.000000E-01
 8.233333E-02  1.176667E-01  8.233333E-02
 7.433333E-02  1.256667E-01  7.433333E-02
 2.699712E-02  9.571978E-04  6.453529E-06
 1.000000E-01  1.000000E-01  1.000000E-01
 7.300000E-02  1.270000E-01  7.300000E-02
 2.678716E-02  2.504233E-03  3.979514E-04
 8.566667E-02  1.143333E-01  8.566667E-02
 2.207321E-02 -1.432258E-03 -1.059174E-04
 2.097445E-02 -9.637235E-04 -5.935795E-05
 3.775128E-02  2.517399E-03  1.461729E-04
 7.800000E-02  1.220000E-01  7.800000E-02
 8.433333E-02  1.156667E-01  8.433333E-02
 3.600951E-02  4.597523E-04 -5.669649E-06
-1.080260E-02 -1.653968E-02 -1.621083E-03
 9.266667E-02  1.073333E-01  9.266667E-02
 9.066667E-02  1.093333E-01  9.066667E-02
 8.300000E-02  1.170000E-01  8.300000E-02
-8.664021E-03 -2.770635E-02 -3.296296E-03
 1.962949E-02 -5.312380E-03 -3.361555E-04
 9.200000E-02  1.080000E-01  9.200000E-02
 1.013333E-01  9.866667E-02  1.013333E-01
 8.500000E-02  1.150000E-01  8.500000E-02
 5.289937E-02 -3.484133E-04 -4.927396E-05
 1.000000E-01  1.000000E-01  1.000000E-01
 1.000000E-01  1.000000E-01  1.000000E-01
 1.033333E-01  9.666667E-02  1.033333E-01
 9.133333E-02  1.086667E-01  9.133333E-02
-2.008242E-02 -4.528571E-02 -4.807692E-03
 1.000000E-01  1.000000E-01  1.000000E-01
 1.000000E-01  1.000000E-01  1.000000E-01
 1.223333E-01  7.766667E-02  1.223333E-01
 1.185534E-01  1.624395E-03 -3.871586E-05
 1.544977E-01  7.755245E-03  2.925408E-04
 1.000000E-01  1.000000E-01  1.000000E-01
 1.000000E-01  1.000000E-01  1.000000E-01
 1.303333E-01  6.966667E-02  1.303333E-01
 9.440273E-02 -4.687698E-02 -5.881054E-03
 1.000000E-01  1.000000E-01  1.000000E-01
 1.000000E-01  1.000000E-01  1.000000E-01
 1.293333E-01  7.066667E-02  1.293333E-01
 1.196667E-01  8.033334E-02  1.196667E-01
 1.252993E-01 -5.942116E-03 -2.913912E-04
 1.546893E-01  3.097514E-03  3.533045E-04
 1.000000E-01  1.000000E-01  1.000000E-01
 1.000000E-01  1.000000E-01  1.000000E-01
 1.400000E-01  6.000000E-02  1.400000E-01
 5.757916E-02 -7.253175E-02 -8.468661E-03
 1.000000E-01  1.000000E-01  1.000000E-01
 1.083333E-01  9.166667E-02  1.083333E-01
 1.136667E-01  8.633334E-02  1.136667E-01
 1.423030E-01  4.043651E-03  1.030627E-03
 1.145488E-01 -9.177674E-03 -3.147960E-04
 1.000000E-01  1.000000E-01  1.000000E-01
 1.827482E-01 -1.304216E-04 -2.445528E-05
 9.000000E-02  1.100000E-01  9.000000E-02
 1.000000E-01  1.000000E-01  1.000000E-01
 9.700000E-02  1.030000E-01  9.700000E-02
 5.063797E-02 -1.379762E-02  3.354701E-04
 2.288320E-02 -2.438138E-02 -1.271406E-03
 3.871093E-02 -1.452381E-02 -1.066239E-03
-9.051317E-02 -3.255060E-02 -1.320062E-03
-4.819708E-03 -8.113442E-03  1.931410E-04
 1.539558E-01  2.583165E-02  2.021240E-03
 1.000000E-01  1.000000E-01  1.000000E-01
 9.133333E-02  1.086667E-01  9.133333E-02
 5.561564E-02 -3.124858E-03  9.718849E-06
 1.063333E-01  9.366667E-02  1.063333E-01
 2.180304E-01  5.198413E-02  6.175926E-03
 8.051118E-02 -1.082789E-02 -9.516176E-04
 5.600000E-02  1.440000E-01  5.600000E-02
 4.015424E-02 -2.153486E-03  2.254833E-05
 1.087708E-02 -3.869344E-03 -1.532869E-05
 1.807082E-03  3.397619E-02  5.876068E-03
 1.000000E-01  1.000000E-01  1.000000E-01
 3.700000E-02  1.630000E-01  3.700000E-02
-1.968561E-01 -4.754365E-02 -4.351140E-03
-2.535366E-01 -4.891464E-02 -3.528037E-03
-4.709868E-02  1.100096E-02  1.137770E-03
-2.552183E-02  6.569606E-03  5.630885E-04
-9.756040E-02 -4.822516E-03  4.146360E-05
-2.893497E-01 -1.104722E-01 -1.258832E-02
 1.000000E-01  1.000000E-01  1.000000E-01
 2.264030E-01  1.203492E-01  1.373860E-02
 9.065196E-02  2.005335E-02  7.745771E-04
-3.578704E-02 -5.132540E-02 -8.268519E-03
 1.578277E-02 -2.922234E-03 -6.015879E-04
 1.246075E-01  1.891699E-02  7.283744E-04
 9.766667E-02  1.023333E-01  9.766667E-02
 1.186054E-01  6.884921E-03 -4.280627E-04
 2.093335E-02 -4.105159E-02 -5.625356E-03
 6.581659E-02 -5.775896E-03 -6.412200E-04
 1.766866E-01  3.937302E-02  4.650997E-03
 1.336667E-01  6.633334E-02  1.336667E-01
 1.090000E-01  9.100000E-02  1.090000E-01
 1.644783E-01  4.648068E-03 -6.914646E-05
 1.865607E-01  5.744855E-03 -3.453788E-05
 1.000000E-01  1.000000E-01  1.000000E-01
 9.916668E-02  1.016666E-01  9.666665E-02
 1.013333E-01  9.866667E-02  1.013333E-01
 4.096256E-02 -6.857937E-02 -7.178063E-03
 1.000000E-01  1.000000E-01  1.000000E-01
 1.000000E-01  1.000000E-01  1.000000E-01
 1.002381E-01  9.952379E-02  1.009524E-01
 2.614504E-01  1.683394E-03 -1.882760E-04
 2.570001E-01 -1.681985E-04 -2.360850E-04
 1.000000E-01  1.000000E-01  1.000000E-01
 1.037381E-01  9.252379E-02  1.149524E-01
 1.004762E-01  9.904760E-02  1.019047E-01
 3.130838E-01  2.595185E-03 -9.991492E-05
 1.000000E-01  1.000000E-01  1.000000E-01
 1.000000E-01  1.000000E-01  1.000000E-01
 2.450000E-01 -4.500000E-02  2.450000E-01
 4.793599E-01  1.231262E-02  1.495832E-04
 5.655478E-01  2.532573E-02  7.694706E-04
 1.000000E-01  1.000000E-01  1.000000E-01
 1.000000E-01  1.000000E-01  1.000000E-01
 9.984984E-02  1.004506E-01  9.864835E-02
 7.618928E-01  2.257937E-03 -3.289886E-03
 5.588764E-01 -7.839286E-02 -1.046154E-02
 1.000000E-01  1.000000E-01  1.000000E-01
 1.000000E-01  1.000000E-01  1.000000E-01
 9.914659E-02  1.025605E-01  9.231868E-02
 4.696196E-01 -3.366621E-02 -1.846344E-03
 3.343451E-01 -4.805750E-02 -2.199373E-03
 3.459242E-01 -3.409539E-02 -1.321349E-03
 1.181155E-01 -6.300450E-02 -2.319531E-03
-9.465100E-03 -5.515079E-02 -6.908832E-05
-8.862841E-02 -6.309127E-02 -2.086182E-03
 1.000000E-01  1.000000E-01  1.000000E-01
-1.866667E-02  2.186667E-01 -1.866667E-02
 1.000000E-01  1.000000E-01  1.000000E-01
 1.000000E-01  1.000000E-01  1.000000E-01
-4.098848E-01  2.840873E-02  7.900997E-03
 1.000000E-01  1.000000E-01  1.000000E-01
-4.601850E-01 -1.054524E-02  1.359535E-03
-6.193518E-01 -3.312898E-02  1.806770E-04
-6.033035E-01 -2.239510E-02  5.190240E-04
-5.854323E-01 -1.247254E-02  8.116421E-04
-5.243872E-01  1.985416E-04  1.151130E-03
 1.000000E-01  1.000000E-01  1.000000E-01
 1.000000E-01  1.000000E-01  1.000000E-01
-1.356667E-01  3.356667E-01 -1.356667E-01
-1.013333E-01  3.013333E-01 -1.013333E-01
-5.345879E-01  1.306398E-02  1.107504E-03
 1.000000E-01  1.000000E-01  1.000000E-01
-1.033333E-01  3.033333E-01 -1.033333E-01
-1.203333E-01  3.203333E-01 -1.203333E-01
-3.613506E-01  3.197879E-02  1.483112E-03
 1.000000E-01  1.000000E-01  1.000000E-01
 1.000000E-01  1.000000E-01  1.000000E-01
 1.000000E-01  1.000000E-01  1.000000E-01
-4.966667E-02  2.496667E-01 -4.966667E-02
-2.714582E-01  3.170238E-02  2.393162E-03
 1.000000E-01  1.000000E-01  1.000000E-01
 1.000000E-01  1.000000E-01  1.000000E-01
-3.239341E-01  1.996429E-02  2.596154E-03
 1.000000E-01  1.000000E-01  1.000000E-01
 1.000000E-01  1.000000E-01  1.000000E-01
 1.000000E-01  1.000000E-01  1.000000E-01
-6.666666E-02  2.666667E-01 -6.666667E-02
-2.597682E-01  6.367063E-02  7.610399E-03
-4.051382E-01 -7.763869E-03 -3.866271E-04
 1.000000E-01  1.000000E-01  1.000000E-01
 1.000000E-01  1.000000E-01  1.000000E-01
-2.566667E-02  2.256667E-01 -2.566667E-02
-1.666606E-01  3.229823E-02  1.531266E-03
 1.000000E-01  1.000000E-01  1.000000E-01
 1.000000E-01  1.000000E-01  1.000000E-01
-2.298102E-01  9.186338E-03  1.868477E-04
-1.827212E-01  1.360691E-02  3.221821E-04
-1.714887E-01  1.268392E-02  2.657499E-04
 1.000000E-01  1.000000E-01  1.000000E-01
-2.999999E-03  2.030000E-01 -2.999999E-03
 2.500000E-02  1.750000E-01  2.500000E-02
-1.105007E-01  1.247993E-02  2.952945E-04
 1.000000E-01  1.000000E-01  1.000000E-01
 1.000000E-01  1.000000E-01  1.000000E-01
 1.433333E-02  1.856667E-01  1.433333E-02
 2.500000E-02  1.750000E-01  2.500000E-02
-1.286653E-01  5.268100E-04 -2.058524E-04
 1.000000E-01  1.000000E-01  1.000000E-01
 1.000000E-01  1.000000E-01  1.000000E-01
 1.500000E-02  1.850000E-01  1.500000E-02
-7.420157E-02  1.261508E-02  9.857550E-04
-4.795576E-02  1.306156E-02  5.658428E-04
-2.218866E-02  1.317243E-02  4.323678E-04
-3.425169E-02  7.825045E-03  1.070760E-04
 5.300000E-02  1.470000E-01  5.300000E-02
-4.953011E-02  4.000291E-03  1.193754E-05
-4.962754E-02  2.306293E-03 -7.445216E-05
-4.511404E-02  2.893305E-03 -2.151916E-05
 1.000000E-01  1.000000E-01  1.000000E-01
 1.000000E-01  1.000000E-01  1.000000E-01
 4.133333E-02  1.586667E-01  4.133333E-02
-5.819424E-02  2.279365E-02  3.107550E-03
 5.031787E-02  5.156349E-02  5.103989E-03
 1.699125E-02  2.139683E-02  1.069801E-03
-3.397846E-02  5.331560E-03  2.075240E-04
-6.921175E-02 -1.519020E-03 -9.147911E-05
-9.742267E-03  6.932540E-03  5.313390E-04
-1.365134E-02  6.193713E-03  2.051996E-04
-1.108268E-02  4.759804E-03  1.135071E-04
-2.225812E-02  3.151609E-03  6.270749E-05
-2.247785E-03  5.109590E-03  1.229686E-04
 5.800000E-02  1.420000E-01  5.800000E-02
 6.733333E-02  1.326667E-01  6.733333E-02
-2.237081E-02 -5.306795E-03 -8.562170E-04
-1.266635E-02  1.005065E-03 -2.072488E-05
 1.503486E-03  3.189894E-03  1.022449E-04
-7.515076E-03  1.132732E-03 -9.901468E-06
-3.511534E-02 -5.498187E-03 -4.065328E-04
 1.000000E-01  1.000000E-01  1.000000E-01
 1.000000E-01  1.000000E-01  1.000000E-01
 5.966667E-02  1.403333E-01  5.966667E-02
-4.114978E-02 -1.038889E-02 -1.212251E-03
-4.368112E-02 -9.658730E-03 -9.971510E-04
 5.187017E-03  1.119841E-02  1.310541E-03
-2.091290E-02 -8.299080E-04 -4.128774E-05
-1.031833E-02  1.224395E-03  5.742771E-05
-4.611925E-02 -1.323413E-02 -1.496439E-03
-2.061093E-02 -8.472956E-04 -5.798793E-05
-1.391523E-02  2.007364E-04  2.546819E-06
 1.000000E-01  1.000000E-01  1.000000E-01
 1.000000E-01  1.000000E-01  1.000000E-01
 5.533333E-02  1.446667E-01  5.533333E-02
 5.766667E-02  1.423333E-01  5.766667E-02
-2.678794E-02 -8.138751E-04 -2.055484E-05
-6.976801E-03  6.547619E-03  5.940171E-04
 6.366667E-02  1.363333E-01  6.366667E-02
-8.943395E-03  2.929646E-03  1.716661E-04
-9.576862E-03  8.656536E-04  2.190677E-05
-4.465219E-03  1.541596E-03  4.689921E-05
 7.204186E-03  3.125133E-03  1.310071E-04
 1.113414E-02  2.270655E-03  7.732472E-06
-2.176987E-04 -8.187734E-05 -9.872957E-05
 2.844021E-03  1.553707E-03  3.403906E-05
 9.922779E-03  2.200514E-03  5.295706E-05
 1.000000E-01  1.000000E-01  1.000000E-01
-1.112280E-02 -1.212338E-03 -3.437678E-05
-1.531604E-02 -4.956349E-03 -6.360399E-04
-8.501417E-03  1.625227E-04  5.064957E-05
 1.206359E-02  8.146825E-03  9.287749E-04
 1.754662E-02  6.383191E-03  4.695827E-04
-1.600051E-02 -5.996032E-03 -6.994302E-04
-2.019057E-02 -3.290857E-03 -1.994433E-04
-1.555373E-02 -1.169315E-03 -3.842743E-05
-7.287405E-03  1.860715E-05  7.521923E-06
-1.580014E-02 -1.065621E-03 -3.143131E-05
-9.929884E-03 -2.667682E-04 -3.474007E-06
 7.708411E-03  3.633256E-03  2.217943E-04
 1.226730E-02  4.319995E-03  2.503538E-04
 1.543684E-02  3.009844E-03  1.154718E-04
 6.733333E-02  1.326667E-01  6.733333E-02
 1.000000E-01  1.000000E-01  1.000000E-01
 4.447200E-03 -1.240557E-03 -1.553228E-04
 9.113596E-03  1.181574E-03  2.744677E-05
 2.070552E-03  3.728040E-04  4.457294E-06
 6.600000E-02  1.340000E-01  6.600000E-02
-8.204111E-04  2.813492E-03  3.988604E-04
 2.816209E-02  1.242857E-02  1.288462E-03
 1.087045E-02  3.149443E-03  2.134519E-04
-5.269725E-03 -8.727489E-04 -3.620215E-05
-3.489243E-03 -7.915113E-04 -3.491038E-05
 6.300000E-02  1.370000E-01  6.300000E-02
-1.832684E-05 -2.246244E-04 -1.142091E-05
 3.665746E-03  2.917881E-04  7.737931E-06
 2.119658E-03 -1.940476E-03 -3.440171E-04
 1.181477E-03 -1.551811E-04 -8.435519E-06
 6.177608E-03  6.435610E-04  2.847591E-05
 6.600000E-02  1.340000E-01  6.600000E-02
 1.938470E-02  5.631272E-03  5.333792E-04
 1.005924E-02  7.001417E-04  1.678981E-05
 7.713644E-03  4.038755E-04  7.876997E-06
 1.302221E-03 -2.627352E-04 -1.338562E-05
 2.437434E-03 -1.941128E-04 -1.093970E-05
 4.951902E-03 -4.603563E-05 -7.419868E-06
 8.442718E-03  1.449791E-04 -3.748657E-06
 1.368695E-02  1.602694E-03  8.394799E-05
 4.803810E-03 -7.935757E-05 -6.627748E-06
-4.746351E-03 -1.149813E-03 -3.942372E-05
 1.158460E-02  5.870840E-04  1.411522E-05
 1.053011E-02  3.282436E-04  3.673013E-06
 6.466667E-02  1.353333E-01  6.466667E-02
 4.799177E-03 -1.731355E-04 -7.462339E-06
 1.000000E-01  1.000000E-01  1.000000E-01
 1.171507E-02  1.334564E-03  8.908964E-05
 4.400031E-02  1.069048E-02  8.696581E-04
 1.245527E-02 -2.766123E-04 -6.227267E-05
 1.000000E-01  1.000000E-01  1.000000E-01
 1.000000E-01  1.000000E-01  1.000000E-01
 7.100000E-02  1.290000E-01  7.100000E-02
 1.432081E-02 -2.607299E-03 -2.967424E-04
 1.498586E-02 -3.646825E-03 -5.441595E-04
 2.204446E-02  1.317460E-03  1.801994E-04
 3.347314E-02  4.738095E-03  4.700855E-04
 4.215276E-02  3.712251E-03  1.752456E-04
 4.001534E-02  2.519310E-03  9.301387E-05
 1.000000E-01  1.000000E-01  1.000000E-01
 3.215250E-02  7.637184E-04  2.571913E-06
 1.000000E-01  1.000000E-01  1.000000E-01
 7.500000E-02  1.250000E-01  7.500000E-02
 2.512637E-02 -1.321429E-03 -2.115385E-04
 1.321444E-02 -2.260046E-03 -1.059004E-04
 1.000000E-01  1.000000E-01  1.000000E-01
 1.000000E-01  1.000000E-01  1.000000E-01
 9.833333E-02  1.016667E-01  9.833333E-02
 7.933333E-02  1.206667E-01  7.933333E-02
 4.877312E-02  1.098097E-03  1.043636E-05
 1.000000E-01  1.000000E-01  1.000000E-01
 8.633333E-02  1.136667E-01  8.633333E-02
 2.280504E-02 -8.053743E-03 -5.754854E-04
 6.733333E-02  1.326667E-01  6.733333E-02
-3.409450E-02 -1.530887E-02 -7.940702E-04
-1.824606E-02 -8.831907E-03 -3.563320E-04
 2.128066E-02 -1.454152E-03 -4.173501E-05
-1.976691E-03 -4.527850E-03 -1.417306E-04
 1.237545E-02 -1.998491E-03 -4.834747E-05
 1.423116E-02 -1.963027E-03 -4.827984E-05
 1.000000E-01  1.000000E-01  1.000000E-01
 3.135283E-02 -6.038052E-03 -7.957680E-04
 6.933333E-02  1.306667E-01  6.933333E-02
 7.233333E-02  1.276667E-01  7.233333E-02
 7.566667E-02  1.243333E-01  7.566667E-02
 2.204875E-02  6.121224E-04  5.308861E-05
 7.700000E-02  1.230000E-01  7.700000E-02
-5.761696E-03 -2.303631E-03 -3.819546E-05
-1.287324E-02 -3.267855E-03 -7.951587E-05
 6.640517E-03  7.361111E-03  1.082621E-03
 6.400000E-02  1.360000E-01  6.400000E-02
 2.390690E-02  1.176190E-02  1.254274E-03
-2.100371E-02 -3.334266E-03 -7.728606E-05
-1.277309E-02 -7.167197E-03 -8.820177E-04
 7.233333E-02  1.276667E-01  7.233333E-02
 7.033333E-02  1.296667E-01  7.033333E-02
 7.866667E-02  1.213333E-01  7.866667E-02
 5.868763E-02  1.015079E-02  5.498575E-04
 4.251722E-02  4.241915E-03  1.271836E-04
 1.000000E-01  1.000000E-01  1.000000E-01
 7.566667E-02  1.243333E-01  7.566667E-02
 9.300000E-02  1.070000E-01  9.300000E-02
 1.000000E-01  1.000000E-01  1.000000E-01
 3.195391E-02 -1.201190E-02 -1.568376E-03
-3.266494E-02 -2.831349E-02 -2.655271E-03
 3.456675E-02 -7.208003E-04 -7.491071E-05
 3.684320E-02  1.380159E-02  2.285613E-03
 6.354965E-02  2.062698E-02  2.464387E-03
 3.611009E-02  3.484127E-03  1.566952E-04
-7.598930E-03 -5.371583E-03 -1.905965E-04
-1.033478E-02 -5.418278E-03 -1.831967E-04
 5.178808E-03 -3.308693E-03 -1.099179E-04
 1.000000E-01  1.000000E-01  1.000000E-01
 7.500000E-02  1.250000E-01  7.500000E-02
 4.785104E-03 -1.273810E-02 -1.739316E-03
 1.000000E-01  1.000000E-01  1.000000E-01
 1.000000E-01  1.000000E-01  1.000000E-01
 9.266667E-02  1.073333E-01  9.266667E-02
 7.933333E-02  1.206667E-01  7.933333E-02
 8.421047E-02  2.716136E-03 -8.968353E-05
 4.233535E-02 -4.621851E-03 -4.078532E-04
 6.805755E-02  3.312814E-03  8.013727E-05
 1.000000E-01  1.000000E-01  1.000000E-01
 3.900000E-02  1.610000E-01  3.900000E-02
 7.033333E-02  1.296667E-01  7.033333E-02
 9.835908E-02  4.813492E-02  5.007835E-03
 1.232776E-02  1.041427E-02  1.013202E-03
 1.000000E-01  1.000000E-01  1.000000E-01
-2.800804E-02 -4.994168E-03 -1.214280E-04
 6.400000E-02  1.360000E-01  6.400000E-02
 1.990123E-02  1.646090E-03  9.812829E-05
 3.490224E-03  8.492375E-04  8.673095E-05
 2.070515E-03  1.290140E-03  1.045652E-04
 5.733333E-02  1.426667E-01  5.733333E-02
 3.500000E-02  1.650000E-01  3.500000E-02
-3.439976E-02 -1.239066E-03  2.897950E-05
-5.028103E-02 -1.150794E-04  8.475783E-05
 4.400000E-02  1.560000E-01  4.400000E-02
-4.622942E-02  3.373420E-03  3.828063E-04
-2.463223E-02  8.602176E-03  7.300992E-04
-2.296093E-02  9.916667E-03  1.066239E-03
-1.609479E-02  5.787067E-03  3.454914E-04
-1.145116E-02  1.619048E-03 -3.547009E-04
 1.705811E-03  5.899508E-03  2.048110E-04
-1.365301E-02  1.119658E-03 -9.467023E-05
 7.633333E-02  1.236667E-01  7.633333E-02
 5.561098E-03  5.284491E-03  1.912048E-04
 1.674901E-02  5.888465E-03  1.923195E-04
 9.665961E-03  4.688761E-03  1.453512E-04
 1.150534E-02  4.067527E-03  1.099826E-04
 7.233333E-02  1.276667E-01  7.233333E-02
 2.567542E-02  3.386446E-03  4.757780E-05
 2.725447E-02  3.165902E-03  3.937597E-05
 1.000000E-01  1.000000E-01  1.000000E-01
 5.266872E-02  4.357215E-03  6.156682E-05
 1.000000E-01  1.000000E-01  1.000000E-01
 1.000000E-01  1.000000E-01  1.000000E-01
 4.915629E-02 -5.226190E-03 -9.850427E-04
 2.223341E-03 -1.567063E-02 -1.450142E-03
-4.252763E-03 -1.304621E-02 -1.013926E-03
 8.414521E-03 -6.991651E-03 -4.106107E-04
-4.026461E-03 -7.816870E-03 -3.941117E-04
 1.189993E-02 -3.512180E-03 -1.655472E-04
 9.630425E-03 -4.231788E-03 -1.889349E-04
 2.513804E-02 -2.101765E-03 -1.071437E-04
 2.336480E-02 -2.129588E-03 -9.965067E-05
 3.384546E-02 -1.291895E-03 -7.426970E-05
 8.266667E-02  1.173333E-01  8.266667E-02
 1.000000E-01  1.000000E-01  1.000000E-01
 7.855786E-02  3.950713E-03  8.073739E-05
-2.552381E-02 -3.200000E-02 -3.333333E-03
 8.633333E-02  1.136667E-01  8.633333E-02
 5.794792E-02 -2.324964E-05 -6.971782E-05
 1.000000E-01  1.000000E-01  1.000000E-01
 2.777744E-02 -1.705458E-03 -6.240551E-05
-1.031197E-01 -4.091667E-02 -3.655983E-03
 5.300000E-02  1.470000E-01  5.300000E-02
-3.791731E-02 -6.127022E-03 -7.357248E-05
 4.200000E-02  1.580000E-01  4.200000E-02
-8.315593E-02 -1.535522E-02 -1.211344E-03
-4.130332E-02 -1.198413E-03 -1.502849E-04
-1.633747E-02  8.931106E-03  8.364601E-04
-1.063661E-02  8.581558E-03  6.916540E-04
-5.685136E-02 -2.556341E-03  3.124577E-05
-5.177220E-02 -8.282290E-03 -9.716678E-04
-3.098647E-02  3.155273E-03  2.415143E-04
-1.405629E-02  4.174733E-03  2.319021E-04
 9.580345E-03  6.589207E-03  2.874361E-04
-8.008890E-03  4.761031E-03  2.194870E-04
 4.766667E-02  1.523333E-01  4.766667E-02
-3.442450E-02  1.968254E-03  5.954416E-04
 2.771591E-02  3.148016E-02  3.888177E-03
-1.580776E-02  2.174083E-03  7.583597E-05
 3.866667E-02  1.613333E-01  3.866667E-02
 1.000000E-01  1.000000E-01  1.000000E-01
 6.366667E-02  1.363333E-01  6.366667E-02
 1.000000E-01  1.000000E-01  1.000000E-01
 5.581298E-03  3.301587E-03 -3.810541E-04
-2.615674E-02 -6.548044E-05 -1.234511E-05
 5.956603E-03  3.295463E-03  8.730649E-05
 6.125794E-02  2.205952E-02  2.111111E-03
-5.671696E-03  1.288812E-03  1.970371E-05
-1.333527E-02 -1.045635E-02 -1.424501E-03
-7.442171E-02 -2.639685E-02 -2.403992E-03
 8.969558E-03  1.863542E-03  2.699225E-05
 3.964513E-02  4.154180E-03  7.778191E-05
 2.885336E-03 -1.328117E-03 -1.345400E-04
 1.677032E-02  2.819624E-03  1.278790E-04
 9.216258E-03 -5.496747E-04 -8.360285E-05
 1.599746E-02  1.280556E-02  2.002849E-03
 8.698106E-03  2.248072E-04 -1.319714E-05
 4.900000E-02  1.510000E-01  4.900000E-02
 1.000000E-01  1.000000E-01  1.000000E-01
-4.345217E-02 -5.380556E-03 -1.798021E-04
-6.789037E-02 -6.264527E-03  2.099105E-05
 6.511742E-02  3.584127E-02  3.528490E-03
-1.847212E-02 -8.853175E-03 -1.821225E-03
-1.651830E-02  1.778748E-03  1.485684E-04
 1.847772E-02  1.295238E-02  1.514957E-03
 6.500000E-02  1.350000E-01  6.500000E-02
-1.788800E-02  4.684622E-04  4.482940E-05
-1.303599E-03 -1.541570E-03 -2.672601E-04
-4.317628E-02 -7.471123E-03 -4.851358E-04
 6.132109E-03  3.080721E-03  1.134398E-04
 1.944433E-02  4.013399E-03  1.290641E-04
 3.963248E-03  1.217825E-03  7.425802E-06
 1.081168E-02  2.050210E-03  4.650379E-05
 8.689051E-03  1.423436E-03  2.355367E-05
 1.000000E-01  1.000000E-01  1.000000E-01
 1.266106E-01  4.083730E-02  3.856125E-03
 4.238785E-02  4.696980E-03  1.381443E-04
 1.000000E-01  1.000000E-01  1.000000E-01
 1.000000E-01  1.000000E-01  1.000000E-01
 1.139342E-01  9.300742E-03  2.225202E-04
 1.046667E-01  9.533333E-02  1.046667E-01
 9.833333E-02  1.016667E-01  9.833333E-02
 6.656746E-02 -1.794048E-02 -2.055556E-03
 1.000000E-01  1.000000E-01  1.000000E-01
 1.114894E-01  8.968254E-03  1.351852E-03
 1.161123E-01 -8.841582E-04 -2.479167E-04
 1.020060E-01 -2.276010E-03 -2.656405E-04
 1.335700E-01  2.050141E-03 -6.741505E-05
 1.000000E-01  1.000000E-01  1.000000E-01
 1.083704E-01 -1.875820E-03 -1.765064E-04
 1.000000E-01  1.000000E-01  1.000000E-01
 7.217316E-02 -6.267313E-03 -2.862872E-04
 1.000000E-01  1.000000E-01  1.000000E-01
 3.798485E-02 -8.614026E-03 -3.039636E-04
 2.300259E-02 -9.219844E-03 -2.961710E-04
 5.833333E-02  1.416667E-01  5.833333E-02
-4.366199E-02 -2.379365E-02 -1.998575E-03
-3.657991E-02 -8.178451E-03 -3.900018E-06
-8.418417E-02 -9.884921E-03  5.562678E-04
-4.918056E-02 -5.141361E-03  1.363186E-04
-5.535865E-02 -2.934214E-03  2.720779E-04
-8.332685E-02 -6.281643E-03  6.235791E-05
 6.466667E-02  1.353333E-01  6.466667E-02
-8.620854E-02 -5.586948E-03  1.465122E-05
-6.331102E-02 -4.099536E-05  2.345012E-04
-3.372490E-02  2.329952E-03  2.482761E-04
-4.309985E-02  2.275865E-03  2.399888E-04
-5.016083E-02  2.300350E-03  2.326982E-04
-4.543230E-02  3.071672E-03  2.363330E-04
-4.164928E-02  3.529989E-03  2.308859E-04
-1.250394E-02  5.982343E-03  2.725649E-04
 6.100000E-02  1.390000E-01  6.100000E-02
-7.714642E-02 -2.925794E-02 -3.896011E-03
 3.700000E-02  1.630000E-01  3.700000E-02
-5.200580E-02  9.166667E-04  7.264957E-04
-6.893563E-02 -6.495208E-03 -4.129609E-04
 1.000000E-01  1.000000E-01  1.000000E-01
 1.000000E-01  1.000000E-01  1.000000E-01
 3.533333E-02  1.646667E-01  3.533333E-02
 1.966667E-02  1.803333E-01  1.966667E-02
-3.852717E-02  2.561905E-02  2.600427E-03
-3.456207E-02  1.573413E-02  9.195157E-04
 4.500000E-02  1.550000E-01  4.500000E-02
 2.404225E-02  2.133060E-02  1.198896E-03
-3.482112E-02 -9.773810E-03 -2.130342E-03
-4.860046E-02 -1.109420E-02 -1.482124E-03
-3.083865E-03  2.391608E-03 -2.761224E-04
 2.063201E-02  9.821472E-03  3.072255E-04
 1.906706E-02  9.245641E-03  2.817418E-04
 2.347670E-02  8.690264E-03  2.457348E-04
 3.300000E-02  1.670000E-01  3.300000E-02
 5.733333E-02  1.426667E-01  5.733333E-02
-9.690278E-03  1.329459E-02  1.410540E-03
 2.969740E-02  2.467460E-02  2.378917E-03
 1.989344E-02  1.402477E-02  9.725517E-04
-2.583401E-02  3.962145E-04  1.205696E-05
-1.699414E-02  1.848977E-03  7.661295E-05
-1.163777E-02  3.817460E-03  4.943020E-04
-2.455004E-02 -1.981611E-03 -2.194821E-04
 3.786346E-03  2.263654E-03  4.002657E-05
 5.100000E-02  1.490000E-01  5.100000E-02
-2.523562E-03  1.424611E-03  8.122351E-06
-1.148850E-02 -1.921674E-03 -2.399884E-04
-9.696640E-03  8.789254E-04  9.924501E-06
 4.091843E-03  1.772312E-03  2.862106E-05
 7.566667E-02  1.243333E-01  7.566667E-02
-2.512338E-02 -2.675050E-03 -1.415764E-04
-1.309606E-02 -9.579679E-04 -6.108514E-05
-2.967782E-03 -4.498280E-05 -3.317416E-05
 1.017933E-02  1.074888E-03  2.128907E-06
 6.461742E-02  1.262698E-02  5.284900E-04
 5.288715E-02  6.647134E-03  2.173412E-04
 1.000000E-01  1.000000E-01  1.000000E-01
 9.500000E-02  1.050000E-01  9.500000E-02
 8.233333E-02  1.176667E-01  8.233333E-02
 1.023333E-01  9.766667E-02  1.023333E-01
 1.049082E-01  5.908730E-03 -2.272080E-04
 1.406607E-01  1.298860E-02  4.931722E-04
 1.000000E-01  1.000000E-01  1.000000E-01
 9.833333E-02  1.016667E-01  9.833333E-02
 7.533333E-02  1.246667E-01  7.533333E-02
 8.766667E-02  1.123333E-01  8.766667E-02
 1.000000E-01  1.000000E-01  1.000000E-01
-2.300997E-02 -1.922222E-02 -1.408832E-03
 1.000000E-01  1.000000E-01  1.000000E-01
-2.936691E-02 -1.115251E-02 -3.813578E-04
-2.245136E-02 -9.744904E-03 -3.173490E-04
 1.000000E-01  1.000000E-01  1.000000E-01
-2.644472E-03 -6.161606E-03 -1.758763E-04
-4.210741E-03 -6.017287E-03 -1.636720E-04
 8.766667E-02  1.123333E-01  8.766667E-02
 8.633333E-02  1.136667E-01  8.633333E-02
 1.634717E-03 -1.750794E-02 -1.690883E-03
-1.560826E-02 -1.791270E-02 -1.438746E-03
-1.092540E-02 -1.261248E-02 -7.586708E-04
 1.078990E-01  3.266667E-02  3.643162E-03
 1.000000E-01  1.000000E-01  1.000000E-01
 1.792610E-02 -2.763019E-03 -7.387018E-05
-4.896500E-03 -7.046418E-03 -2.911829E-04
 1.045277E-02 -3.068556E-03 -9.862361E-05
-5.623775E-03 -4.354283E-03 -1.136338E-04
 1.471026E-02 -2.035195E-03 -5.860278E-05
 3.900000E-02  1.610000E-01  3.900000E-02
 2.033333E-02  1.796667E-01  2.033333E-02
 6.033333E-02  1.396667E-01  6.033333E-02
 1.000000E-01  1.000000E-01  1.000000E-01
-8.572277E-02 -7.451407E-03 -1.358999E-04
 3.866667E-02  1.613333E-01  3.866667E-02
-1.740075E-01 -4.430556E-02 -4.701567E-03
-8.898545E-02  1.793651E-03  9.537037E-04
-1.787118E-02  2.609524E-02  2.995726E-03
 1.000000E-01  1.000000E-01  1.000000E-01
-4.735828E-02  4.200655E-03  2.816432E-04
-4.825557E-02  5.461819E-03  3.410532E-04
 4.266667E-02  1.573333E-01  4.266667E-02
-5.291808E-02  3.477367E-03  1.980527E-04
 1.000000E-01  1.000000E-01  1.000000E-01
 1.000000E-01  1.000000E-01  1.000000E-01
 1.000000E-01  1.000000E-01  1.000000E-01
 5.400000E-02  1.460000E-01  5.400000E-02
-5.862129E-03  2.346032E-02  2.295584E-03
 1.000000E-01  1.000000E-01  1.000000E-01
-1.099198E-01 -2.721825E-02 -3.319801E-03
 3.633333E-02  1.636667E-01  3.633333E-02
-4.572427E-02  3.109776E-03  1.286946E-04
-1.963654E-02  5.948329E-03  2.141608E-04
 1.000000E-01  1.000000E-01  1.000000E-01
 4.766667E-02  1.523333E-01  4.766667E-02
-2.637810E-02  5.859901E-04 -2.655280E-04
-1.740740E-02  3.547786E-03  7.668613E-05
-1.861738E-02  3.224999E-03  7.126836E-05
-4.960432E-02 -4.544419E-03 -3.895458E-04
 1.000000E-01  1.000000E-01  1.000000E-01
 5.833333E-02  1.416667E-01  5.833333E-02
 5.466667E-02  1.453333E-01  5.466667E-02
 1.000000E-01  1.000000E-01  1.000000E-01
 1.000000E-01  1.000000E-01  1.000000E-01
-6.225224E-02 -2.313743E-03 -1.485432E-04
-1.643976E-02  7.696063E-03  4.974625E-04
-1.332648E-02  7.560674E-03  4.423168E-04
-2.458390E-02  3.404298E-03  1.512745E-04
-1.081049E-02  4.372652E-03  1.626929E-04
-2.369820E-02  1.162259E-03 -2.266332E-05
-1.542050E-02  3.068050E-03  9.943184E-05
-1.018074E-02  2.853134E-03  7.329718E-05
 1.000000E-01  1.000000E-01  1.000000E-01
-2.097837E-02  1.428371E-03  3.029388E-05
 4.633333E-02  1.536667E-01  4.633333E-02
 5.833333E-02  1.416667E-01  5.833333E-02
 2.324685E-02  2.392460E-02  2.513533E-03
-9.020147E-04  6.214286E-03  1.602564E-04
 1.000000E-01  1.000000E-01  1.000000E-01
-1.849407E-02  4.501038E-04 -1.009271E-05
-8.293843E-03  1.452949E-03  2.132897E-05
-4.952388E-03  1.447223E-03  1.828698E-05
-4.611518E-03  1.371578E-03  1.656739E-05
-8.808054E-03  1.139997E-03  1.903495E-05
 1.033991E-02  2.897372E-03  6.930758E-05
-2.890815E-03  1.422674E-03  2.663902E-05
 5.456256E-02  2.116503E-02  1.867286E-03
 5.364889E-03  1.412785E-03  1.415348E-05
 1.008180E-02  1.478339E-03  1.354315E-05
 8.964631E-03  9.419460E-04 -9.086563E-06
 8.754686E-03  6.902532E-04 -1.493869E-05
 1.000000E-01  1.000000E-01  1.000000E-01
 1.000000E-01  1.000000E-01  1.000000E-01
 4.550780E-02  9.224487E-03  6.824976E-04
 1.000000E-01  1.000000E-01  1.000000E-01
 1.540175E-02 -1.551023E-03 -1.773288E-04
 1.000000E-01  1.000000E-01  1.000000E-01
 6.108201E-02  1.867460E-02  2.148148E-03
 8.633333E-02  1.136667E-01  8.633333E-02
 7.033333E-02  1.296667E-01  7.033333E-02
 1.000000E-01  1.000000E-01  1.000000E-01
 3.892502E-02  1.184439E-03  8.930022E-08
 8.233333E-02  1.176667E-01  8.233333E-02
 1.000000E-01  1.000000E-01  1.000000E-01
 1.396937E-02 -1.325397E-02 -1.755698E-03
 3.373200E-02 -1.680874E-04 -3.537855E-05
 2.745187E-02  2.361111E-03  6.339031E-04
 8.866667E-02  1.113333E-01  8.866667E-02
 7.933333E-02  1.206667E-01  7.933333E-02
 2.659264E-02 -1.101444E-03 -5.031471E-05
 3.469379E-02 -3.043436E-04 -2.551032E-05
 1.000000E-01  1.000000E-01  1.000000E-01
 9.000000E-02  1.100000E-01  9.000000E-02
 8.566667E-02  1.143333E-01  8.566667E-02
 4.270248E-02 -1.282937E-02 -1.876781E-03
 1.000000E-01  1.000000E-01  1.000000E-01
 1.000000E-01  1.000000E-01  1.000000E-01
 9.300000E-02  1.070000E-01  9.300000E-02
 1.033333E-01  9.666667E-02  1.033333E-01
 7.683935E-02 -3.718899E-04 -1.488074E-04
 7.366540E-02  2.150539E-04 -5.815620E-05
 6.433333E-02  1.356667E-01  6.433333E-02
 7.533333E-02  1.246667E-01  7.533333E-02
 9.700000E-02  1.030000E-01  9.700000E-02
 1.448254E-03 -8.232104E-03 -3.118952E-04
 5.241427E-02 -1.526600E-03 -6.628210E-05
 8.469279E-02  1.512295E-03  1.263740E-05
 1.000000E-01  1.000000E-01  1.000000E-01
 5.483363E-02 -7.200573E-04 -3.080087E-05
-1.283328E-02 -1.422427E-02 -6.129273E-04
-1.178205E-03 -5.125079E-03 -1.263169E-04
-4.664251E-02 -9.227155E-03 -2.265741E-04
-7.333332E-03  2.073333E-01 -7.333332E-03
 1.300000E-02  1.870000E-01  1.300000E-02
 6.666667E-02  1.333333E-01  6.666667E-02
 1.173853E-01  8.508730E-02  8.798433E-03
-2.910033E-02  9.932540E-03 -7.763533E-05
-8.098790E-02  1.654724E-03  3.903730E-04
 1.000000E-01  1.000000E-01  1.000000E-01
-1.589856E-01 -1.068607E-02 -1.655099E-04
 2.306666E-02  1.826826E-02  9.405775E-04
-3.693402E-02  5.894268E-03  3.358857E-04
 4.466667E-02  1.553333E-01  4.466667E-02
-1.245367E-02  8.937859E-03  3.851408E-04
 6.800000E-02  1.320000E-01  6.800000E-02
 4.560473E-02  2.164415E-02  1.533437E-03
 2.557625E-02  9.557430E-03  3.042829E-04
 2.509976E-03  5.654653E-03  1.522617E-04
 6.213485E-03  4.499093E-03  1.025751E-04
 8.154925E-02  3.630159E-02  3.804843E-03
 1.000000E-01  1.000000E-01  1.000000E-01
 1.947021E-02  1.657602E-04 -2.432050E-04
 8.427880E-04 -2.171807E-03 -2.633497E-04
-7.096418E-02 -2.040079E-02 -1.210114E-03
-4.560836E-02  6.666667E-04  1.271368E-03
 1.000000E-01  1.000000E-01  1.000000E-01
 1.000000E-01  1.000000E-01  1.000000E-01
 1.000000E-01  1.000000E-01  1.000000E-01
-3.307445E-02  1.234251E-02  1.409953E-03
-4.809626E-02  4.263745E-03  4.460023E-04
 9.921510E-03  1.575861E-02  1.079357E-03
 6.400000E-02  1.360000E-01  6.400000E-02
-3.703888E-02 -5.117201E-05  3.740638E-05
 1.000000E-01  1.000000E-01  1.000000E-01
-4.358919E-02 -4.807692E-03 -4.371136E-04
-1.048322E-02  3.846020E-03  1.545422E-04
-2.452275E-03  4.848361E-03  1.857977E-04
-1.427637E-02  3.791253E-03  1.536887E-04
 4.534953E-02  1.987842E-02  1.426088E-03
 4.850964E-03  4.270456E-03  1.278704E-04
 7.040474E-03  4.388101E-03  2.162643E-04
-1.943539E-02 -1.296825E-02 -1.922365E-03
-1.054408E-02  3.086758E-04 -2.394003E-05
-3.948119E-02 -7.621083E-03 -5.320447E-04
-3.155229E-02 -4.481103E-03 -2.754124E-04
 5.666667E-02  1.433333E-01  5.666667E-02
 6.900000E-02  1.310000E-01  6.900000E-02
-1.562841E-02 -2.876984E-03 -5.861823E-04
 1.000000E-01  1.000000E-01  1.000000E-01
-1.563629E-02  9.431494E-04  8.458798E-05
-9.536694E-03  7.723170E-04  3.152755E-05
 1.176902E-02  3.840433E-03  1.505158E-04
-1.298493E-02 -4.832729E-04 -2.867482E-05
-1.149818E-03  8.949656E-04 -2.657586E-06
 1.000000E-01  1.000000E-01  1.000000E-01
-7.813051E-03 -8.197246E-04 -8.105650E-05
 8.403441E-03  1.829402E-03  4.573079E-05
 7.066667E-02  1.293333E-01  7.066667E-02
 9.206870E-03  1.078058E-03  5.055542E-06
 1.833893E-03  1.720201E-04 -2.139656E-05
-2.138796E-03 -5.466175E-04 -4.530038E-05
 1.015588E-02  6.740125E-04 -5.798555E-06
 7.300000E-02  1.270000E-01  7.300000E-02
 1.183098E-02  5.081156E-04 -1.008243E-05
 2.283911E-02  1.521689E-03  2.023086E-05
 1.000000E-01  1.000000E-01  1.000000E-01
 8.433333E-02  1.156667E-01  8.433333E-02
 7.866667E-02  1.213333E-01  7.866667E-02
 7.366667E-02  1.263333E-01  7.366667E-02
 1.000000E-01  1.000000E-01  1.000000E-01
 1.000000E-01  1.000000E-01  1.000000E-01
 7.866667E-02  1.213333E-01  7.866667E-02
 4.350049E-02 -1.536260E-03 -1.915795E-04
 5.843072E-02  1.126521E-03 -2.650662E-05
 1.000000E-01  1.000000E-01  1.000000E-01
 9.300000E-02  1.070000E-01  9.300000E-02
 6.245444E-02  8.215945E-04 -2.857520E-05
 1.000000E-01  1.000000E-01  1.000000E-01
 1.000000E-01  1.000000E-01  1.000000E-01
 7.866667E-02  1.213333E-01  7.866667E-02
 8.666667E-02  1.133333E-01  8.666667E-02
 3.779188E-02 -2.147540E-03 -9.065759E-05
 2.585749E-02 -3.665480E-03 -1.412834E-04
 2.758760E-02 -2.761812E-03 -9.357401E-05
 1.770079E-02 -3.495096E-03 -1.066847E-04
 2.269054E-02 -2.666588E-03 -7.648696E-05
 6.939764E-03 -7.015873E-03 -6.125356E-04
-1.382525E-02 -5.055139E-03 -1.196161E-04
-1.297761E-02 -4.599082E-03 -1.027862E-04
-2.408338E-02 -5.525363E-03 -1.374873E-04
-1.422619E-02 -3.151311E-03 -3.846285E-05
-1.880386E-02 -3.099841E-03 -3.292823E-05
-2.270168E-02 -2.764025E-03 -1.601040E-05
 1.330281E-02  9.309524E-03  1.200855E-03
-1.601846E-02 -2.228681E-03 -8.200078E-05
-2.089274E-02 -1.342082E-03  2.183009E-05
-3.358138E-02 -2.134180E-03  7.977448E-07
 1.000000E-01  1.000000E-01  1.000000E-01
-3.396770E-02 -1.547289E-03  1.370864E-05
 1.000000E-01  1.000000E-01  1.000000E-01
 4.466667E-02  1.553333E-01  4.466667E-02
 5.833333E-02  1.416667E-01  5.833333E-02
 5.033333E-02  1.496667E-01  5.033333E-02
-3.270834E-02  1.698830E-04  5.294381E-05
-6.217930E-03  5.765184E-03  3.115606E-04
 3.866667E-02  1.613333E-01  3.866667E-02
 6.166667E-02  1.383333E-01  6.166667E-02
 5.266667E-02  1.473333E-01  5.266667E-02
-3.067467E-02  1.428336E-03  8.073544E-05
 1.000000E-01  1.000000E-01  1.000000E-01
 4.933333E-02  1.506667E-01  4.933333E-02
 4.333333E-02  1.566667E-01  4.333333E-02
-2.254986E-03  1.910317E-02  2.045584E-03
 1.464184E-03  1.607937E-02  1.460114E-03
 1.240415E-02  1.061905E-02  4.273504E-04
 1.000000E-01  1.000000E-01  1.000000E-01
-5.321121E-03  2.952989E-03  7.705939E-05
-2.927707E-02 -6.138889E-03 -6.096866E-04
 1.000000E-01  1.000000E-01  1.000000E-01
 2.087426E-02  4.914546E-03  1.176904E-04
 1.205200E-02  3.128539E-03  4.725776E-05
 6.100000E-02  1.390000E-01  6.100000E-02
-5.235692E-03 -1.150978E-03 -1.119115E-04
 1.526964E-02  1.100397E-02  1.448006E-03
-3.035623E-02 -7.321429E-03 -6.410256E-04
-4.342460E-02 -1.209524E-02 -1.194444E-03
-1.865975E-02  1.174603E-03  3.789174E-04
 3.596520E-02  2.135714E-02  2.358974E-03
 6.049966E-03  4.666019E-03  3.317380E-04
-2.552091E-02 -2.662680E-03 -1.038803E-04
-1.738342E-02 -1.610104E-03 -6.477159E-05
-4.398952E-03 -1.987645E-05 -9.517227E-06
 4.467348E-02  1.600397E-02  1.505698E-03
-1.680128E-02 -1.189286E-02 -1.602564E-03
-1.927300E-02 -1.252778E-02 -1.514245E-03
 4.638960E-02  1.425397E-02  1.473647E-03
 6.729080E-02  1.863889E-02  1.744302E-03
 7.800000E-02  1.220000E-01  7.800000E-02
 4.825459E-02  3.529656E-03  3.818377E-05
 1.000000E-01  1.000000E-01  1.000000E-01
 8.266667E-02  1.173333E-01  8.266667E-02
 1.938307E-02 -5.399498E-03 -5.135843E-04
 6.100000E-02  1.390000E-01  6.100000E-02
 3.363231E-02  2.595773E-05 -5.137175E-05
 1.145290E-02 -2.326959E-03 -1.147977E-04
 1.000000E-01  1.000000E-01  1.000000E-01
 1.893920E-02 -1.566201E-03 -7.967367E-05
 3.013836E-02 -5.665354E-04 -4.902179E-05
 9.766667E-02  1.023333E-01  9.766667E-02
 7.497342E-02  3.579005E-03  7.156790E-05
 7.566667E-02  1.243333E-01  7.566667E-02
 1.000000E-01  1.000000E-01  1.000000E-01
 8.833333E-02  1.116667E-01  8.833333E-02
 1.000000E-01  1.000000E-01  1.000000E-01
 8.833333E-02  1.116667E-01  8.833333E-02
 4.287327E-02 -8.713546E-03 -5.814800E-04
 3.586950E-02 -8.338267E-03 -4.664093E-04
 3.785606E-02 -6.299918E-03 -3.032277E-04
 2.305341E-02 -8.144169E-03 -3.680571E-04
 3.440974E-02 -6.019761E-03 -2.637827E-04
 2.141769E-02 -6.239650E-03 -2.336702E-04
-1.623167E-03 -8.213307E-03 -2.774767E-04
-1.642776E-02 -8.876487E-03 -2.730714E-04
-2.740345E-02 -9.046230E-03 -2.573949E-04
-1.353104E-02 -5.222256E-03 -8.913395E-05
-2.010207E-03 -2.845047E-03  3.296172E-07
-4.492525E-02 -7.093362E-03 -1.356406E-04
 4.633333E-02  1.536667E-01  4.633333E-02
-3.428663E-02  5.785714E-03  1.391026E-03
-4.725720E-02 -4.393242E-03 -3.196042E-05
-5.672470E-02 -4.569406E-03 -3.437239E-05
 3.633333E-02  1.636667E-01  3.633333E-02
 1.000000E-01  1.000000E-01  1.000000E-01
-5.830933E-02 -2.008047E-03  4.728222E-05
-5.002373E-02 -5.769006E-04  8.446917E-05
-3.866075E-02  1.151021E-03  1.331470E-04
 5.066667E-02  1.493333E-01  5.066667E-02
-3.503874E-02  1.965980E-03  1.389194E-04
-2.137391E-02  3.172416E-03  1.579531E-04
 1.000000E-01  1.000000E-01  1.000000E-01
 1.000000E-01  1.000000E-01  1.000000E-01
 1.000000E-01  1.000000E-01  1.000000E-01
 4.066667E-02  1.593333E-01  4.066667E-02
