 1.000000E-02  1.000000E-02  1.000000E-02
 9.436663E-03  4.135546E-03 -1.323196E-04
 9.582657E-03  4.763856E-03 -1.624245E-04
 9.815173E-03  5.675674E-03 -2.091985E-04
 1.005206E-02  6.176264E-03 -2.302563E-04
 1.029153E-02  6.532543E-03 -2.418301E-04
 1.036967E-02  6.117336E-03 -2.045630E-04
 1.066707E-02  7.202163E-03 -2.595521E-04
 9.958697E-03  6.425919E-03 -1.562142E-04
 9.967124E-03  6.978405E-03 -1.761212E-04
 9.834546E-03  5.678862E-03 -1.232021E-04
 9.694484E-03  6.101532E-03 -1.353351E-04
 9.805813E-03  7.027015E-03 -1.689304E-04
 1.012956E-02  8.094976E-03 -2.103845E-04
 6.171542E-02  3.529913E-03 -1.059732E-04
 8.005152E-02  2.093696E-03 -6.922277E-05
 1.153485E-02  1.245562E-02 -4.027398E-04
 1.012475E-02  9.385259E-03 -2.102436E-04
 1.001754E-02  8.733896E-03 -1.821544E-04
 1.006634E-02  9.580511E-03 -2.088213E-04
 1.011311E-02  1.022650E-02 -2.272886E-04
 1.016523E-02  1.081994E-02 -2.430105E-04
 1.022799E-02  1.149338E-02 -2.619449E-04
 1.029242E-02  1.209143E-02 -2.770832E-04
 1.037947E-02  1.281329E-02 -2.969789E-04
 1.047326E-02  1.359719E-02 -3.194562E-04
 1.056983E-02  1.440254E-02 -3.428642E-04
 1.067436E-02  1.524019E-02 -3.677898E-04
 1.077314E-02  1.623991E-02 -4.005860E-04
 1.084653E-02  1.708904E-02 -4.274038E-04
 1.092498E-02  1.801620E-02 -4.581451E-04
 1.101401E-02  1.892119E-02 -4.880613E-04
 1.109476E-02  1.981929E-02 -5.184595E-04
 1.118792E-02  2.086075E-02 -5.558212E-04
 1.133475E-02  2.207518E-02 -6.012543E-04
 1.137314E-02  2.282533E-02 -6.279104E-04
 1.146634E-02  2.348603E-02 -6.502345E-04
 1.170341E-02  2.532613E-02 -7.261388E-04
 1.166192E-02  2.452878E-02 -6.830208E-04
 1.173647E-02  2.504988E-02 -7.007398E-04
 1.181028E-02  2.551386E-02 -7.163553E-04
 1.185584E-02  2.583107E-02 -7.264773E-04
 1.188978E-02  2.611471E-02 -7.355535E-04
 1.192054E-02  2.642967E-02 -7.464717E-04
 1.194272E-02  2.685344E-02 -7.629572E-04
 1.196130E-02  2.725639E-02 -7.791994E-04
 1.199800E-02  2.767417E-02 -7.959858E-04
 1.201746E-02  2.789377E-02 -8.047320E-04
 1.204378E-02  2.813444E-02 -8.145626E-04
 1.206019E-02  2.827706E-02 -8.205957E-04
 1.207886E-02  2.839543E-02 -8.256603E-04
 1.211556E-02  2.855524E-02 -8.322378E-04
 1.216450E-02  2.854912E-02 -8.308843E-04
 1.218983E-02  2.838510E-02 -8.230084E-04
 1.218961E-02  2.814858E-02 -8.124399E-04
 1.215499E-02  2.782742E-02 -7.986898E-04
 1.212869E-02  2.756727E-02 -7.869061E-04
 1.210896E-02  2.747048E-02 -7.819207E-04
 1.208771E-02  2.747855E-02 -7.816036E-04
 1.206719E-02  2.764253E-02 -7.884240E-04
 1.204486E-02  2.772338E-02 -7.915783E-04
 1.203331E-02  2.789911E-02 -7.987981E-04
 1.204568E-02  2.812372E-02 -8.076184E-04
 1.207266E-02  2.843153E-02 -8.200728E-04
 1.210751E-02  2.880098E-02 -8.356013E-04
 1.213387E-02  2.898169E-02 -8.432465E-04
 1.215969E-02  2.893393E-02 -8.405941E-04
 1.218580E-02  2.891733E-02 -8.392871E-04
 1.221202E-02  2.888324E-02 -8.371347E-04
 1.224080E-02  2.892190E-02 -8.382321E-04
 1.224174E-02  2.885937E-02 -8.357042E-04
 1.222459E-02  2.862292E-02 -8.256105E-04
 1.220383E-02  2.845008E-02 -8.182099E-04
 1.218102E-02  2.836030E-02 -8.144407E-04
 1.214892E-02  2.827010E-02 -8.107695E-04
 1.212361E-02  2.821559E-02 -8.083316E-04
 1.210529E-02  2.814646E-02 -8.047624E-04
 1.210789E-02  2.817582E-02 -8.047764E-04
 1.210399E-02  2.819972E-02 -8.046723E-04
 1.210859E-02  2.822574E-02 -8.042233E-04
 1.211370E-02  2.832071E-02 -8.068662E-04
 1.213465E-02  2.858868E-02 -8.169452E-04
 1.217180E-02  2.884507E-02 -8.261890E-04
 1.220461E-02  2.912311E-02 -8.369046E-04
 1.220974E-02  2.920846E-02 -8.400221E-04
 1.221691E-02  2.926683E-02 -8.418468E-04
 1.222098E-02  2.932196E-02 -8.436652E-04
 1.223365E-02  2.941858E-02 -8.471320E-04
 1.224359E-02  2.932455E-02 -8.418553E-04
 1.224075E-02  2.932624E-02 -8.412776E-04
 1.224281E-02  2.937774E-02 -8.427604E-04
 1.226441E-02  2.978300E-02 -8.600740E-04
 1.228270E-02  2.989358E-02 -8.643969E-04
 1.230378E-02  3.010459E-02 -8.735038E-04
 1.231339E-02  3.017771E-02 -8.770067E-04
 1.232128E-02  3.028739E-02 -8.824605E-04
 1.232782E-02  3.035045E-02 -8.860793E-04
 1.232441E-02  3.036058E-02 -8.878400E-04
 1.231853E-02  3.018303E-02 -8.810750E-04
 1.232900E-02  3.018395E-02 -8.818881E-04
