***** -3.814
-.918 -3.371
-.837  0.670
-.755 -2.052
-.673 -1.415
-.592 -0.720
-.510 -0.248
-.429  0.111
-.347  0.137
-.265  0.483
-.184  0.762
-.102 -3.802
-.020  1.041
0.061  0.904
0.143  0.948
0.224  1.151
0.306  1.021
0.388  0.950
0.469  1.097
0.551 -4.088
0.633  0.545
0.714  0.433
0.796  0.480
0.878  0.430
0.959  0.033
1.041 -0.074
1.122 -0.196
1.204 -0.512
1.286 -0.501
1.367 -0.811
1.449 -0.780
1.531 -0.743
1.612 -1.036
1.694 -0.942
1.776 -0.995
1.857 -1.091
1.939  2.022
2.020 -1.013
2.102 -0.861
2.184 -0.809
2.265 -0.532
2.347 -0.159
2.429  0.163
2.510  0.343
2.592  1.001
2.673  1.343
2.755  4.919
2.837  2.484
2.918  3.296
3.000  4.043
