          50
  -1.0000000000000000       -3.8135151027037413     
 -0.91836734693877553       -3.3714436175485796     
 -0.83673469387755106       0.67030468532315091     
 -0.75510204081632648       -2.0519080164454944     
 -0.67346938775510212       -1.4147871137049799     
 -0.59183673469387754      -0.71982904752100219     
 -0.51020408163265307      -0.24788325478660095     
 -0.42857142857142860       0.11068524015342188     
 -0.34693877551020413       0.13703345758161167     
 -0.26530612244897966       0.48332217816503625     
 -0.18367346938775519       0.76191373800447781     
 -0.10204081632653073       -3.8023295380718012     
  -2.0408163265306145E-002   1.0414417167570083     
   6.1224489795918213E-002  0.90399958286619753     
  0.14285714285714279       0.94839452771450550     
  0.22448979591836715        1.1514434581520885     
  0.30612244897959173        1.0210208703366317     
  0.38775510204081631       0.94990433596467161     
  0.46938775510204067        1.0968627932907644     
  0.55102040816326525       -4.0879523182395019     
  0.63265306122448961       0.54450776067563655     
  0.71428571428571419       0.43289582722305348     
  0.79591836734693855       0.47983161861971346     
  0.87755102040816313       0.43021923666626699     
  0.95918367346938771        3.3418504729797183E-002
   1.0408163265306123       -7.3898382917551159E-002
   1.1224489795918364      -0.19604064339471824     
   1.2040816326530610      -0.51189957859599011     
   1.2857142857142856      -0.50146519837671777     
   1.3673469387755102      -0.81071159417805971     
   1.4489795918367343      -0.78007310454543854     
   1.5306122448979589      -0.74335599114346507     
   1.6122448979591835       -1.0362792610984102     
   1.6938775510204080      -0.94207489736843320     
   1.7755102040816326      -0.99455875581336395     
   1.8571428571428568       -1.0906996599822767     
   1.9387755102040813        2.0215485184021924     
   2.0204081632653059       -1.0131524100438594     
   2.1020408163265305      -0.86107232010966817     
   2.1836734693877546      -0.80854906162147655     
   2.2653061224489792      -0.53179339580865492     
   2.3469387755102038      -0.15894793134657015     
   2.4285714285714284       0.16328429733083694     
   2.5102040816326530       0.34312451496084717     
   2.5918367346938771        1.0008178855807328     
   2.6734693877551017        1.3429580202202898     
   2.7551020408163263        4.9192744194420701     
   2.8367346938775508        2.4842345335544511     
   2.9183673469387754        3.2957755542952119     
   2.9999999999999996        4.0425984243932609     
