 5     1.0287E-02     1.50    1.07    3.95    0.48    3.31    7.54    6.00    5.30    5.90    6.63    4.17
 6     9.6808E-03     1.72    0.84    3.71    0.25    3.53    7.75    6.21    5.52    6.12    6.84    4.25
 7     9.4615E-03     1.67    0.89    3.76    0.30    3.48    7.71    6.17    5.47    6.07    6.80    4.23
 8     1.1321E-02     1.92    0.63    3.50    0.04    3.73    7.94    6.41    5.72    6.31    7.04    4.32
 9     1.8801E-02     2.26    0.29    3.14    0.30    4.06    8.26    6.73    6.04    6.63    7.36    4.51
10     2.2282E-02     2.21    0.34    3.20    0.25    4.01    8.21    6.68    5.99    6.58    7.31    4.48
11     6.8734E-03     0.69    2.04    5.05    1.61    2.18    6.43    4.85    4.13    4.73    5.46    3.72
12     6.2788E-03     0.42    3.37    6.58    3.22    0.53    4.77    3.10    2.31    2.88    3.60    3.08
13     7.3483E-03     0.63    3.64    6.91    3.58    0.14    4.37    2.67    1.86    2.41    3.11    2.93
14     7.2622E-03     0.03    2.95    6.14    2.79    0.94    5.17    3.51    2.73    3.29    4.00    3.16
15     1.0753E-02     0.27    3.26    6.50    3.18    0.54    4.77    3.07    2.27    2.83    3.53    3.02
16     2.6739E-02     1.06    4.29    7.76    4.58    0.96    3.19    1.36    0.44    0.92    1.56    2.61
17     4.3749E-02     1.80    5.28    9.02    6.01    2.54    1.51    0.52    1.61    1.25    0.72    3.03
18     3.8166E-02     2.34    6.09   10.13    7.36    4.10    0.24    2.55    3.90    3.77    3.44    4.39
19     3.8201E-02     2.37    6.13   10.18    7.42    4.17    0.32    2.64    4.00    3.88    3.56    4.47
20     4.0115E-02     2.57    6.41   10.53    7.83    4.63    0.81    3.20    4.63    4.56    4.29    4.95
21     3.3513E-02     2.37    6.15   10.22    7.48    4.24    0.40    2.75    4.13    4.03    3.73    4.55
22     3.4349E-02     2.25    5.99   10.02    7.24    3.99    0.12    2.43    3.78    3.65    3.33    4.28
23     3.8815E-02     1.95    5.61    9.55    6.72    3.41    0.49    1.74    3.02    2.83    2.46    3.78
24     3.9966E-02     1.81    5.43    9.33    6.47    3.14    0.78    1.42    2.67    2.46    2.07    3.56
25     4.0030E-02     1.78    5.39    9.28    6.42    3.08    0.84    1.35    2.59    2.38    1.98    3.51
26     4.0637E-02     1.89    5.53    9.44    6.60    3.28    0.64    1.58    2.84    2.64    2.25    3.67
27     4.8526E-02     2.10    5.80    9.78    6.98    3.69    0.19    2.07    3.38    3.22    2.86    4.01
28     4.8526E-02     2.10    5.80    9.78    6.97    3.69    0.20    2.07    3.37    3.21    2.86    4.00
29     6.0548E-02     2.48    6.27   10.36    7.62    4.39    0.54    2.89    4.28    4.18    3.88    4.69
30     7.2788E-02     2.63    6.49   10.64    7.95    4.76    0.95    3.35    4.79    4.73    4.47    5.08
