 5     2.8902E-03     0.39    1.13    5.81   21.29   42.15   68.61  100.42  142.17  193.58  255.32   83.09
 6     4.3706E-03     2.69    9.42   18.50   22.42   27.73   34.19   51.61   71.31   92.25  116.48   44.66
 7     0.0000E+00     0.80    5.92   14.76   21.07   31.90   47.49   79.68  120.31  168.51  227.37   71.78
 8     1.6207E-03     1.85    7.30   14.61   16.56   19.59   23.55   37.37   52.95   69.44   88.71   33.19
 9     2.4063E-03     1.19    5.35   10.54    9.74    9.26    8.99   16.54   24.52   32.27   41.31   15.97
10     2.4483E-03     1.32    5.72   11.29   10.96   11.08   11.52   20.13   29.38   38.57   49.29   18.92
11     5.3700E-03     0.48    3.42    6.70    3.56    0.19    3.49    0.92    1.11    2.11    3.38    2.54
12     5.7857E-03     0.24    2.75    5.40    1.48    2.84    7.63    6.68    6.59    7.76    9.00    5.04
13     6.1509E-03     0.03    2.21    4.36    0.16    5.20   10.83   11.10   12.45   15.24   18.34    7.99
14     6.1509E-03     0.03    2.22    4.37    0.15    5.19   10.81   11.07   12.42   15.20   18.28    7.97
15     1.1126E-02     0.61    3.65    6.99    3.82    0.33    3.56    1.31    0.25    0.65    1.15    2.23
16     2.4096E-02     0.27    2.67    5.01    0.57    4.49   10.23   10.68   12.37   15.64   19.39    8.13
17     1.5508E-02     0.96    0.40    0.66    8.04   16.52   26.12   32.17   40.35   50.76   62.57   23.86
18     1.7391E-02     0.75    0.13    0.31    6.56   14.47   23.42   28.54   35.63   44.85   55.33   21.00
19     2.4235E-02     0.01    1.93    3.58    1.69    7.75   14.65   16.82   20.54   26.09   32.46   12.55
20     2.4713E-02     0.07    2.12    3.92    1.17    7.03   13.71   15.56   18.90   24.05   29.97   11.65
21     2.1901E-02     0.14    2.32    4.30    0.57    6.16   12.55   13.96   16.79   21.37   26.64   10.48
22     2.6602E-02     0.20    2.45    4.51    0.29    5.82   12.13   13.45   16.18   20.68   25.85   10.16
23     3.2967E-02     0.41    2.96    5.43    1.08    3.94    9.69   10.20   12.00   15.50   19.55    8.07
24     3.5711E-02     0.73    3.73    6.83    3.17    1.07    5.96    5.22    5.62    7.58    9.92    4.98
25     3.5732E-02     0.72    3.71    6.80    3.12    1.14    6.05    5.34    5.77    7.77   10.15    5.06
26     3.6944E-02     0.66    3.57    6.55    2.75    1.63    6.68    6.17    6.82    9.06   11.71    5.56
27     4.4070E-02     0.68    3.60    6.59    2.80    1.58    6.65    6.15    6.82    9.09   11.77    5.57
28     4.4070E-02     0.67    3.60    6.59    2.80    1.59    6.65    6.16    6.83    9.10   11.79    5.58
29     5.1853E-02     0.25    2.61    4.86    0.31    4.90   10.85   11.63   13.73   17.49   21.84    8.85
30     5.3035E-02     0.20    2.51    4.69    0.07    5.23   11.27   12.17   14.41   18.33   22.83    9.17
