  0.47652293415819713        0.0000000000000000        0.0000000000000000        0.0000000000000000        0.0000000000000000        0.0000000000000000        0.0000000000000000        0.0000000000000000        0.0000000000000000        0.0000000000000000     
  0.47652293415819713        1.3993385626841914        0.0000000000000000        0.0000000000000000        0.0000000000000000        0.0000000000000000        0.0000000000000000        0.0000000000000000        0.0000000000000000        0.0000000000000000     
  0.47652293415819713        1.3993385626841914        6.4193559337840806        0.0000000000000000        0.0000000000000000        0.0000000000000000        0.0000000000000000        0.0000000000000000        0.0000000000000000        0.0000000000000000     
  0.47652293415819713        1.3993385626841914        6.4193559337840806        22.362530358350245        0.0000000000000000        0.0000000000000000        0.0000000000000000        0.0000000000000000        0.0000000000000000        0.0000000000000000     
  0.47652293415819713        1.3993385626841914        6.4193559337840806        22.362530358350245        43.835972674040327        0.0000000000000000        0.0000000000000000        0.0000000000000000        0.0000000000000000        0.0000000000000000     
  0.47652293415819713        1.3993385626841914        6.4193559337840806        22.362530358350245        43.835972674040327        71.056280547490687        0.0000000000000000        0.0000000000000000        0.0000000000000000        0.0000000000000000     
  0.47652293415819713        1.3993385626841914        6.4193559337840806        22.362530358350245        43.835972674040327        71.056280547490687        104.01119342188487        0.0000000000000000        0.0000000000000000        0.0000000000000000     
  0.47652293415819713        1.3993385626841914        6.4193559337840806        22.362530358350245        43.835972674040327        71.056280547490687        104.01119342188487        147.17251180968566        0.0000000000000000        0.0000000000000000     
  0.47652293415819713        1.3993385626841914        6.4193559337840806        22.362530358350245        43.835972674040327        71.056280547490687        104.01119342188487        147.17251180968566        200.23386855213167        0.0000000000000000     
  0.47652293415819713        1.3993385626841914        6.4193559337840806        22.362530358350245        43.835972674040327        71.056280547490687        104.01119342188487        147.17251180968566        200.23386855213167        263.93091937172778     
   2.7252587936367734        0.0000000000000000        0.0000000000000000        0.0000000000000000        0.0000000000000000        0.0000000000000000        0.0000000000000000        0.0000000000000000        0.0000000000000000        0.0000000000000000     
   2.7252587936367734        9.5121148038993510        0.0000000000000000        0.0000000000000000        0.0000000000000000        0.0000000000000000        0.0000000000000000        0.0000000000000000        0.0000000000000000        0.0000000000000000     
   2.7252587936367734        9.5121148038993510        18.707585707624162        0.0000000000000000        0.0000000000000000        0.0000000000000000        0.0000000000000000        0.0000000000000000        0.0000000000000000        0.0000000000000000     
   2.7252587936367734        9.5121148038993510        18.707585707624162        22.771646427766505        0.0000000000000000        0.0000000000000000        0.0000000000000000        0.0000000000000000        0.0000000000000000        0.0000000000000000     
   2.7252587936367734        9.5121148038993510        18.707585707624162        22.771646427766505        28.264455107352010        0.0000000000000000        0.0000000000000000        0.0000000000000000        0.0000000000000000        0.0000000000000000     
   2.7252587936367734        9.5121148038993510        18.707585707624162        22.771646427766505        28.264455107352010        34.958988137702200        0.0000000000000000        0.0000000000000000        0.0000000000000000        0.0000000000000000     
   2.7252587936367734        9.5121148038993510        18.707585707624162        22.771646427766505        28.264455107352010        34.958988137702200        52.717456019396991        0.0000000000000000        0.0000000000000000        0.0000000000000000     
   2.7252587936367734        9.5121148038993510        18.707585707624162        22.771646427766505        28.264455107352010        34.958988137702200        52.717456019396991        72.832188954970263        0.0000000000000000        0.0000000000000000     
   2.7252587936367734        9.5121148038993510        18.707585707624162        22.771646427766505        28.264455107352010        34.958988137702200        52.717456019396991        72.832188954970263        94.260021042634008        0.0000000000000000     
   2.7252587936367734        9.5121148038993510        18.707585707624162        22.771646427766505        28.264455107352010        34.958988137702200        52.717456019396991        72.832188954970263        94.260021042634008        119.06504293193716     
   2.8658548608042422        0.0000000000000000        0.0000000000000000        0.0000000000000000        0.0000000000000000        0.0000000000000000        0.0000000000000000        0.0000000000000000        0.0000000000000000        0.0000000000000000     
   2.8658548608042422        10.451920380866019        0.0000000000000000        0.0000000000000000        0.0000000000000000        0.0000000000000000        0.0000000000000000        0.0000000000000000        0.0000000000000000        0.0000000000000000     
   2.8658548608042422        10.451920380866019        21.424745092096071        0.0000000000000000        0.0000000000000000        0.0000000000000000        0.0000000000000000        0.0000000000000000        0.0000000000000000        0.0000000000000000     
   2.8658548608042422        10.451920380866019        21.424745092096071        28.245625061978803        0.0000000000000000        0.0000000000000000        0.0000000000000000        0.0000000000000000        0.0000000000000000        0.0000000000000000     
   2.8658548608042422        10.451920380866019        21.424745092096071        28.245625061978803        37.627800368683580        0.0000000000000000        0.0000000000000000        0.0000000000000000        0.0000000000000000        0.0000000000000000     
   2.8658548608042422        10.451920380866019        21.424745092096071        28.245625061978803        37.627800368683580        49.359524180837830        0.0000000000000000        0.0000000000000000        0.0000000000000000        0.0000000000000000     
   2.8658548608042422        10.451920380866019        21.424745092096071        28.245625061978803        37.627800368683580        49.359524180837830        74.688677904280013        0.0000000000000000        0.0000000000000000        0.0000000000000000     
   2.8658548608042422        10.451920380866019        21.424745092096071        28.245625061978803        37.627800368683580        49.359524180837830        74.688677904280013        104.39786644010194        0.0000000000000000        0.0000000000000000     
   2.8658548608042422        10.451920380866019        21.424745092096071        28.245625061978803        37.627800368683580        49.359524180837830        74.688677904280013        104.39786644010194        137.26782184466020        0.0000000000000000     
   2.8658548608042422        10.451920380866019        21.424745092096071        28.245625061978803        37.627800368683580        49.359524180837830        74.688677904280013        104.39786644010194        137.26782184466020        175.78027225130884     
   1.8528503535130401        0.0000000000000000        0.0000000000000000        0.0000000000000000        0.0000000000000000        0.0000000000000000        0.0000000000000000        0.0000000000000000        0.0000000000000000        0.0000000000000000     
   1.8528503535130401        7.3155777828156952        0.0000000000000000        0.0000000000000000        0.0000000000000000        0.0000000000000000        0.0000000000000000        0.0000000000000000        0.0000000000000000        0.0000000000000000     
   1.8528503535130401        7.3155777828156952        14.647624364653765        0.0000000000000000        0.0000000000000000        0.0000000000000000        0.0000000000000000        0.0000000000000000        0.0000000000000000        0.0000000000000000     
   1.8528503535130401        7.3155777828156952        14.647624364653765        16.615858643227384        0.0000000000000000        0.0000000000000000        0.0000000000000000        0.0000000000000000        0.0000000000000000        0.0000000000000000     
   1.8528503535130401        7.3155777828156952        14.647624364653765        16.615858643227384        19.680405009759276        0.0000000000000000        0.0000000000000000        0.0000000000000000        0.0000000000000000        0.0000000000000000     
   1.8528503535130401        7.3155777828156952        14.647624364653765        16.615858643227384        19.680405009759276        23.675576773123169        0.0000000000000000        0.0000000000000000        0.0000000000000000        0.0000000000000000     
   1.8528503535130401        7.3155777828156952        14.647624364653765        16.615858643227384        19.680405009759276        23.675576773123169        37.539750811722541        0.0000000000000000        0.0000000000000000        0.0000000000000000     
   1.8528503535130401        7.3155777828156952        14.647624364653765        16.615858643227384        19.680405009759276        23.675576773123169        37.539750811722541        53.182495836873414        0.0000000000000000        0.0000000000000000     
   1.8528503535130401        7.3155777828156952        14.647624364653765        16.615858643227384        19.680405009759276        23.675576773123169        37.539750811722541        53.182495836873414        69.741390945546613        0.0000000000000000     
   1.8528503535130401        7.3155777828156952        14.647624364653765        16.615858643227384        19.680405009759276        23.675576773123169        37.539750811722541        53.182495836873414        69.741390945546613        89.084862827225137     
   1.1934697304463064        0.0000000000000000        0.0000000000000000        0.0000000000000000        0.0000000000000000        0.0000000000000000        0.0000000000000000        0.0000000000000000        0.0000000000000000        0.0000000000000000     
   1.1934697304463064        5.3696986624348551        0.0000000000000000        0.0000000000000000        0.0000000000000000        0.0000000000000000        0.0000000000000000        0.0000000000000000        0.0000000000000000        0.0000000000000000     
   1.1934697304463064        5.3696986624348551        10.577914105852198        0.0000000000000000        0.0000000000000000        0.0000000000000000        0.0000000000000000        0.0000000000000000        0.0000000000000000        0.0000000000000000     
   1.1934697304463064        5.3696986624348551        10.577914105852198        9.7964448050484396        0.0000000000000000        0.0000000000000000        0.0000000000000000        0.0000000000000000        0.0000000000000000        0.0000000000000000     
   1.1934697304463064        5.3696986624348551        10.577914105852198        9.7964448050484396        9.3464714812405330        0.0000000000000000        0.0000000000000000        0.0000000000000000        0.0000000000000000        0.0000000000000000     
   1.1934697304463064        5.3696986624348551        10.577914105852198        9.7964448050484396        9.3464714812405330        9.0987805889672391        0.0000000000000000        0.0000000000000000        0.0000000000000000        0.0000000000000000     
   1.1934697304463064        5.3696986624348551        10.577914105852198        9.7964448050484396        9.3464714812405330        9.0987805889672391        16.701756019396992        0.0000000000000000        0.0000000000000000        0.0000000000000000     
   1.1934697304463064        5.3696986624348551        10.577914105852198        9.7964448050484396        9.3464714812405330        9.0987805889672391        16.701756019396992        24.732219541206451        0.0000000000000000        0.0000000000000000     
   1.1934697304463064        5.3696986624348551        10.577914105852198        9.7964448050484396        9.3464714812405330        9.0987805889672391        16.701756019396992        24.732219541206451        32.536784634867018        0.0000000000000000     
   1.1934697304463064        5.3696986624348551        10.577914105852198        9.7964448050484396        9.3464714812405330        9.0987805889672391        16.701756019396992        24.732219541206451        32.536784634867018        41.652942408376951     
   1.3194277065841762        0.0000000000000000        0.0000000000000000        0.0000000000000000        0.0000000000000000        0.0000000000000000        0.0000000000000000        0.0000000000000000        0.0000000000000000        0.0000000000000000     
   1.3194277065841762        5.7275737927907517        0.0000000000000000        0.0000000000000000        0.0000000000000000        0.0000000000000000        0.0000000000000000        0.0000000000000000        0.0000000000000000        0.0000000000000000     
   1.3194277065841762        5.7275737927907517        11.306483515971099        0.0000000000000000        0.0000000000000000        0.0000000000000000        0.0000000000000000        0.0000000000000000        0.0000000000000000        0.0000000000000000     
   1.3194277065841762        5.7275737927907517        11.306483515971099        10.992783953121473        0.0000000000000000        0.0000000000000000        0.0000000000000000        0.0000000000000000        0.0000000000000000        0.0000000000000000     
   1.3194277065841762        5.7275737927907517        11.306483515971099        10.992783953121473        11.130875081327259        0.0000000000000000        0.0000000000000000        0.0000000000000000        0.0000000000000000        0.0000000000000000     
   1.3194277065841762        5.7275737927907517        11.306483515971099        10.992783953121473        11.130875081327259        11.583921360431349        0.0000000000000000        0.0000000000000000        0.0000000000000000        0.0000000000000000     
   1.3194277065841762        5.7275737927907517        11.306483515971099        10.992783953121473        11.130875081327259        11.583921360431349        20.217226860636721        0.0000000000000000        0.0000000000000000        0.0000000000000000     
   1.3194277065841762        5.7275737927907517        11.306483515971099        10.992783953121473        11.130875081327259        11.583921360431349        20.217226860636721        29.489824299065422        0.0000000000000000        0.0000000000000000     
   1.3194277065841762        5.7275737927907517        11.306483515971099        10.992783953121473        11.130875081327259        11.583921360431349        20.217226860636721        29.489824299065422        38.711848754748829        0.0000000000000000     
   1.3194277065841762        5.7275737927907517        11.306483515971099        10.992783953121473        11.130875081327259        11.583921360431349        20.217226860636721        29.489824299065422        38.711848754748829        49.474756020942408     
  0.48211148917368368        0.0000000000000000        0.0000000000000000        0.0000000000000000        0.0000000000000000        0.0000000000000000        0.0000000000000000        0.0000000000000000        0.0000000000000000        0.0000000000000000     
  0.48211148917368368        3.4170234413965201        0.0000000000000000        0.0000000000000000        0.0000000000000000        0.0000000000000000        0.0000000000000000        0.0000000000000000        0.0000000000000000        0.0000000000000000     
  0.48211148917368368        3.4170234413965201        6.7026419678246700        0.0000000000000000        0.0000000000000000        0.0000000000000000        0.0000000000000000        0.0000000000000000        0.0000000000000000        0.0000000000000000     
  0.48211148917368368        3.4170234413965201        6.7026419678246700        3.5572976335361592        0.0000000000000000        0.0000000000000000        0.0000000000000000        0.0000000000000000        0.0000000000000000        0.0000000000000000     
  0.48211148917368368        3.4170234413965201        6.7026419678246700        3.5572976335361592       0.18587182823682399        0.0000000000000000        0.0000000000000000        0.0000000000000000        0.0000000000000000        0.0000000000000000     
  0.48211148917368368        3.4170234413965201        6.7026419678246700        3.5572976335361592       0.18587182823682399        3.4956703442555010        0.0000000000000000        0.0000000000000000        0.0000000000000000        0.0000000000000000     
  0.48211148917368368        3.4170234413965201        6.7026419678246700        3.5572976335361592       0.18587182823682399        3.4956703442555010       0.92336761543328227        0.0000000000000000        0.0000000000000000        0.0000000000000000     
  0.48211148917368368        3.4170234413965201        6.7026419678246700        3.5572976335361592       0.18587182823682399        3.4956703442555010       0.92336761543328227        1.0966640611724774        0.0000000000000000        0.0000000000000000     
  0.48211148917368368        3.4170234413965201        6.7026419678246700        3.5572976335361592       0.18587182823682399        3.4956703442555010       0.92336761543328227        1.0966640611724774        2.0996261291684140        0.0000000000000000     
  0.48211148917368368        3.4170234413965201        6.7026419678246700        3.5572976335361592       0.18587182823682399        3.4956703442555010       0.92336761543328227        1.0966640611724774        2.0996261291684140        3.3615790575916127     
  0.23399695315952312        0.0000000000000000        0.0000000000000000        0.0000000000000000        0.0000000000000000        0.0000000000000000        0.0000000000000000        0.0000000000000000        0.0000000000000000        0.0000000000000000     
  0.23399695315952312        2.7464393289503759        0.0000000000000000        0.0000000000000000        0.0000000000000000        0.0000000000000000        0.0000000000000000        0.0000000000000000        0.0000000000000000        0.0000000000000000     
  0.23399695315952312        2.7464393289503759        5.3873768407554454        0.0000000000000000        0.0000000000000000        0.0000000000000000        0.0000000000000000        0.0000000000000000        0.0000000000000000        0.0000000000000000     
  0.23399695315952312        2.7464393289503759        5.3873768407554454        1.4592865990534081        0.0000000000000000        0.0000000000000000        0.0000000000000000        0.0000000000000000        0.0000000000000000        0.0000000000000000     
  0.23399695315952312        2.7464393289503759        5.3873768407554454        1.4592865990534081        2.8714447516807535        0.0000000000000000        0.0000000000000000        0.0000000000000000        0.0000000000000000        0.0000000000000000     
  0.23399695315952312        2.7464393289503759        5.3873768407554454        1.4592865990534081        2.8714447516807535        7.6729078473662478        0.0000000000000000        0.0000000000000000        0.0000000000000000        0.0000000000000000     
  0.23399695315952312        2.7464393289503759        5.3873768407554454        1.4592865990534081        2.8714447516807535        7.6729078473662478        6.7384981593927789        0.0000000000000000        0.0000000000000000        0.0000000000000000     
  0.23399695315952312        2.7464393289503759        5.3873768407554454        1.4592865990534081        2.8714447516807535        7.6729078473662478        6.7384981593927789        6.6665248258283958        0.0000000000000000        0.0000000000000000     
  0.23399695315952312        2.7464393289503759        5.3873768407554454        1.4592865990534081        2.8714447516807535        7.6729078473662478        6.7384981593927789        6.6665248258283958        7.8587230287040937        0.0000000000000000     
  0.23399695315952312        2.7464393289503759        5.3873768407554454        1.4592865990534081        2.8714447516807535        7.6729078473662478        6.7384981593927789        6.6665248258283958        7.8587230287040937        9.1238850261780051     
   3.2685407202819768E-002   0.0000000000000000        0.0000000000000000        0.0000000000000000        0.0000000000000000        0.0000000000000000        0.0000000000000000        0.0000000000000000        0.0000000000000000        0.0000000000000000     
   3.2685407202819768E-002   2.2136100711856765        0.0000000000000000        0.0000000000000000        0.0000000000000000        0.0000000000000000        0.0000000000000000        0.0000000000000000        0.0000000000000000        0.0000000000000000     
   3.2685407202819768E-002   2.2136100711856765        4.3589554980181919        0.0000000000000000        0.0000000000000000        0.0000000000000000        0.0000000000000000        0.0000000000000000        0.0000000000000000        0.0000000000000000     
   3.2685407202819768E-002   2.2136100711856765        4.3589554980181919       0.16033964570657314        0.0000000000000000        0.0000000000000000        0.0000000000000000        0.0000000000000000        0.0000000000000000        0.0000000000000000     
   3.2685407202819768E-002   2.2136100711856765        4.3589554980181919       0.16033964570657314        5.2071279277813787        0.0000000000000000        0.0000000000000000        0.0000000000000000        0.0000000000000000        0.0000000000000000     
   3.2685407202819768E-002   2.2136100711856765        4.3589554980181919       0.16033964570657314        5.2071279277813787        10.836519898797176        0.0000000000000000        0.0000000000000000        0.0000000000000000        0.0000000000000000     
   3.2685407202819768E-002   2.2136100711856765        4.3589554980181919       0.16033964570657314        5.2071279277813787        10.836519898797176        11.110196652118905        0.0000000000000000        0.0000000000000000        0.0000000000000000     
   3.2685407202819768E-002   2.2136100711856765        4.3589554980181919       0.16033964570657314        5.2071279277813787        10.836519898797176        11.110196652118905        12.465866113848762        0.0000000000000000        0.0000000000000000     
   3.2685407202819768E-002   2.2136100711856765        4.3589554980181919       0.16033964570657314        5.2071279277813787        10.836519898797176        11.110196652118905        12.465866113848762        15.257058518995356        0.0000000000000000     
   3.2685407202819768E-002   2.2136100711856765        4.3589554980181919       0.16033964570657314        5.2071279277813787        10.836519898797176        11.110196652118905        12.465866113848762        15.257058518995356        18.354961047120426     
   3.3053769995594909E-002   0.0000000000000000        0.0000000000000000        0.0000000000000000        0.0000000000000000        0.0000000000000000        0.0000000000000000        0.0000000000000000        0.0000000000000000        0.0000000000000000     
   3.3053769995594909E-002   2.2145333720245084        0.0000000000000000        0.0000000000000000        0.0000000000000000        0.0000000000000000        0.0000000000000000        0.0000000000000000        0.0000000000000000        0.0000000000000000     
   3.3053769995594909E-002   2.2145333720245084        4.3606626721846649        0.0000000000000000        0.0000000000000000        0.0000000000000000        0.0000000000000000        0.0000000000000000        0.0000000000000000        0.0000000000000000     
   3.3053769995594909E-002   2.2145333720245084        4.3606626721846649       0.15774306242957020        0.0000000000000000        0.0000000000000000        0.0000000000000000        0.0000000000000000        0.0000000000000000        0.0000000000000000     
   3.3053769995594909E-002   2.2145333720245084        4.3606626721846649       0.15774306242957020        5.2034898340923670        0.0000000000000000        0.0000000000000000        0.0000000000000000        0.0000000000000000        0.0000000000000000     
   3.3053769995594909E-002   2.2145333720245084        4.3606626721846649       0.15774306242957020        5.2034898340923670        10.831710616341772        0.0000000000000000        0.0000000000000000        0.0000000000000000        0.0000000000000000     
   3.3053769995594909E-002   2.2145333720245084        4.3606626721846649       0.15774306242957020        5.2034898340923670        10.831710616341772        11.103687685220326        0.0000000000000000        0.0000000000000000        0.0000000000000000     
   3.3053769995594909E-002   2.2145333720245084        4.3606626721846649       0.15774306242957020        5.2034898340923670        10.831710616341772        11.103687685220326        12.457385672047574        0.0000000000000000        0.0000000000000000     
   3.3053769995594909E-002   2.2145333720245084        4.3606626721846649       0.15774306242957020        5.2034898340923670        10.831710616341772        11.103687685220326        12.457385672047574        15.246408943225006        0.0000000000000000     
   3.3053769995594909E-002   2.2145333720245084        4.3606626721846649       0.15774306242957020        5.2034898340923670        10.831710616341772        11.103687685220326        12.457385672047574        15.246408943225006        18.341856753926709     
  0.61571170128146502        0.0000000000000000        0.0000000000000000        0.0000000000000000        0.0000000000000000        0.0000000000000000        0.0000000000000000        0.0000000000000000        0.0000000000000000        0.0000000000000000     
  0.61571170128146502        3.6580516164135268        0.0000000000000000        0.0000000000000000        0.0000000000000000        0.0000000000000000        0.0000000000000000        0.0000000000000000        0.0000000000000000        0.0000000000000000     
  0.61571170128146502        3.6580516164135268        7.0047111494520973        0.0000000000000000        0.0000000000000000        0.0000000000000000        0.0000000000000000        0.0000000000000000        0.0000000000000000        0.0000000000000000     
  0.61571170128146502        3.6580516164135268        7.0047111494520973        3.8326966508902336        0.0000000000000000        0.0000000000000000        0.0000000000000000        0.0000000000000000        0.0000000000000000        0.0000000000000000     
  0.61571170128146502        3.6580516164135268        7.0047111494520973        3.8326966508902336       0.35120689655171489        0.0000000000000000        0.0000000000000000        0.0000000000000000        0.0000000000000000        0.0000000000000000     
  0.61571170128146502        3.6580516164135268        7.0047111494520973        3.8326966508902336       0.35120689655171489        3.5294963583575361        0.0000000000000000        0.0000000000000000        0.0000000000000000        0.0000000000000000     
  0.61571170128146502        3.6580516164135268        7.0047111494520973        3.8326966508902336       0.35120689655171489        3.5294963583575361        1.2679573518869851        0.0000000000000000        0.0000000000000000        0.0000000000000000     
  0.61571170128146502        3.6580516164135268        7.0047111494520973        3.8326966508902336       0.35120689655171489        3.5294963583575361        1.2679573518869851       0.30409658453697308        0.0000000000000000        0.0000000000000000     
  0.61571170128146502        3.6580516164135268        7.0047111494520973        3.8326966508902336       0.35120689655171489        3.5294963583575361        1.2679573518869851       0.30409658453697308       0.72054378218655035        0.0000000000000000     
  0.61571170128146502        3.6580516164135268        7.0047111494520973        3.8326966508902336       0.35120689655171489        3.5294963583575361        1.2679573518869851       0.30409658453697308       0.72054378218655035        1.2417109947644014     
  0.26982660627485022        0.0000000000000000        0.0000000000000000        0.0000000000000000        0.0000000000000000        0.0000000000000000        0.0000000000000000        0.0000000000000000        0.0000000000000000        0.0000000000000000     
  0.26982660627485022        2.6759682067558628        0.0000000000000000        0.0000000000000000        0.0000000000000000        0.0000000000000000        0.0000000000000000        0.0000000000000000        0.0000000000000000        0.0000000000000000     
  0.26982660627485022        2.6759682067558628        5.0150319281883817        0.0000000000000000        0.0000000000000000        0.0000000000000000        0.0000000000000000        0.0000000000000000        0.0000000000000000        0.0000000000000000     
  0.26982660627485022        2.6759682067558628        5.0150319281883817       0.58612893396439225        0.0000000000000000        0.0000000000000000        0.0000000000000000        0.0000000000000000        0.0000000000000000        0.0000000000000000     
  0.26982660627485022        2.6759682067558628        5.0150319281883817       0.58612893396439225        4.4590473866840039        0.0000000000000000        0.0000000000000000        0.0000000000000000        0.0000000000000000        0.0000000000000000     
  0.26982660627485022        2.6759682067558628        5.0150319281883817       0.58612893396439225        4.4590473866840039        10.185068950642895        0.0000000000000000        0.0000000000000000        0.0000000000000000        0.0000000000000000     
  0.26982660627485022        2.6759682067558628        5.0150319281883817       0.58612893396439225        4.4590473866840039        10.185068950642895        10.624596360952982        0.0000000000000000        0.0000000000000000        0.0000000000000000     
  0.26982660627485022        2.6759682067558628        5.0150319281883817       0.58612893396439225        4.4590473866840039        10.185068950642895        10.624596360952982        12.285206321155499        0.0000000000000000        0.0000000000000000     
  0.26982660627485022        2.6759682067558628        5.0150319281883817       0.58612893396439225        4.4590473866840039        10.185068950642895        10.624596360952982        12.285206321155499        15.531697893626010        0.0000000000000000     
  0.26982660627485022        2.6759682067558628        5.0150319281883817       0.58612893396439225        4.4590473866840039        10.185068950642895        10.624596360952982        12.285206321155499        15.531697893626010        19.242234554973827     
  0.96607261378700260        0.0000000000000000        0.0000000000000000        0.0000000000000000        0.0000000000000000        0.0000000000000000        0.0000000000000000        0.0000000000000000        0.0000000000000000        0.0000000000000000     
  0.96607261378700260       0.41124670142825509        0.0000000000000000        0.0000000000000000        0.0000000000000000        0.0000000000000000        0.0000000000000000        0.0000000000000000        0.0000000000000000        0.0000000000000000     
  0.96607261378700260       0.41124670142825509       0.67922815341572651        0.0000000000000000        0.0000000000000000        0.0000000000000000        0.0000000000000000        0.0000000000000000        0.0000000000000000        0.0000000000000000     
  0.96607261378700260       0.41124670142825509       0.67922815341572651        8.0591754789271963        0.0000000000000000        0.0000000000000000        0.0000000000000000        0.0000000000000000        0.0000000000000000        0.0000000000000000     
  0.96607261378700260       0.41124670142825509       0.67922815341572651        8.0591754789271963        16.555753903708517        0.0000000000000000        0.0000000000000000        0.0000000000000000        0.0000000000000000        0.0000000000000000     
  0.96607261378700260       0.41124670142825509       0.67922815341572651        8.0591754789271963        16.555753903708517        26.159640066362510        0.0000000000000000        0.0000000000000000        0.0000000000000000        0.0000000000000000     
  0.96607261378700260       0.41124670142825509       0.67922815341572651        8.0591754789271963        16.555753903708517        26.159640066362510        32.227848819312669        0.0000000000000000        0.0000000000000000        0.0000000000000000     
  0.96607261378700260       0.41124670142825509       0.67922815341572651        8.0591754789271963        16.555753903708517        26.159640066362510        32.227848819312669        40.414571962616812        0.0000000000000000        0.0000000000000000     
  0.96607261378700260       0.41124670142825509       0.67922815341572651        8.0591754789271963        16.555753903708517        26.159640066362510        32.227848819312669        40.414571962616812        50.839099588433946        0.0000000000000000     
  0.96607261378700260       0.41124670142825509       0.67922815341572651        8.0591754789271963        16.555753903708517        26.159640066362510        32.227848819312669        40.414571962616812        50.839099588433946        62.671570680628278     
  0.74894152673442893        0.0000000000000000        0.0000000000000000        0.0000000000000000        0.0000000000000000        0.0000000000000000        0.0000000000000000        0.0000000000000000        0.0000000000000000        0.0000000000000000     
  0.74894152673442893       0.12843146678759601        0.0000000000000000        0.0000000000000000        0.0000000000000000        0.0000000000000000        0.0000000000000000        0.0000000000000000        0.0000000000000000        0.0000000000000000     
  0.74894152673442893       0.12843146678759601       0.31114095360225608        0.0000000000000000        0.0000000000000000        0.0000000000000000        0.0000000000000000        0.0000000000000000        0.0000000000000000        0.0000000000000000     
  0.74894152673442893       0.12843146678759601       0.31114095360225608        6.5629863421230619        0.0000000000000000        0.0000000000000000        0.0000000000000000        0.0000000000000000        0.0000000000000000        0.0000000000000000     
  0.74894152673442893       0.12843146678759601       0.31114095360225608        6.5629863421230619        14.472138093689003        0.0000000000000000        0.0000000000000000        0.0000000000000000        0.0000000000000000        0.0000000000000000     
  0.74894152673442893       0.12843146678759601       0.31114095360225608        6.5629863421230619        14.472138093689003        23.420337951057650        0.0000000000000000        0.0000000000000000        0.0000000000000000        0.0000000000000000     
  0.74894152673442893       0.12843146678759601       0.31114095360225608        6.5629863421230619        14.472138093689003        23.420337951057650        28.538830075901327        0.0000000000000000        0.0000000000000000        0.0000000000000000     
  0.74894152673442893       0.12843146678759601       0.31114095360225608        6.5629863421230619        14.472138093689003        23.420337951057650        28.538830075901327        35.629908920985550        0.0000000000000000        0.0000000000000000     
  0.74894152673442893       0.12843146678759601       0.31114095360225608        6.5629863421230619        14.472138093689003        23.420337951057650        28.538830075901327        35.629908920985550        44.855396401435222        0.0000000000000000     
  0.74894152673442893       0.12843146678759601       0.31114095360225608        6.5629863421230619        14.472138093689003        23.420337951057650        28.538830075901327        35.629908920985550        44.855396401435222        55.336464921465975     
   1.2678289880699353E-002   0.0000000000000000        0.0000000000000000        0.0000000000000000        0.0000000000000000        0.0000000000000000        0.0000000000000000        0.0000000000000000        0.0000000000000000        0.0000000000000000     
   1.2678289880699353E-002   1.9297094264339287        0.0000000000000000        0.0000000000000000        0.0000000000000000        0.0000000000000000        0.0000000000000000        0.0000000000000000        0.0000000000000000        0.0000000000000000     
   1.2678289880699353E-002   1.9297094264339287        3.5731888132431777        0.0000000000000000        0.0000000000000000        0.0000000000000000        0.0000000000000000        0.0000000000000000        0.0000000000000000        0.0000000000000000     
   1.2678289880699353E-002   1.9297094264339287        3.5731888132431777        1.6902389362181536        0.0000000000000000        0.0000000000000000        0.0000000000000000        0.0000000000000000        0.0000000000000000        0.0000000000000000     
   1.2678289880699353E-002   1.9297094264339287        3.5731888132431777        1.6902389362181536        7.7522503795272311        0.0000000000000000        0.0000000000000000        0.0000000000000000        0.0000000000000000        0.0000000000000000     
   1.2678289880699353E-002   1.9297094264339287        3.5731888132431777        1.6902389362181536        7.7522503795272311        14.660988394856913        0.0000000000000000        0.0000000000000000        0.0000000000000000        0.0000000000000000     
   1.2678289880699353E-002   1.9297094264339287        3.5731888132431777        1.6902389362181536        7.7522503795272311        14.660988394856913        16.831362559561466        0.0000000000000000        0.0000000000000000        0.0000000000000000     
   1.2678289880699353E-002   1.9297094264339287        3.5731888132431777        1.6902389362181536        7.7522503795272311        14.660988394856913        16.831362559561466        20.547113440951577        0.0000000000000000        0.0000000000000000     
   1.2678289880699353E-002   1.9297094264339287        3.5731888132431777        1.6902389362181536        7.7522503795272311        14.660988394856913        16.831362559561466        20.547113440951577        26.106340704938802        0.0000000000000000     
   1.2678289880699353E-002   1.9297094264339287        3.5731888132431777        1.6902389362181536        7.7522503795272311        14.660988394856913        16.831362559561466        20.547113440951577        26.106340704938802        32.477870785340315     
   6.4997346442784820E-002   0.0000000000000000        0.0000000000000000        0.0000000000000000        0.0000000000000000        0.0000000000000000        0.0000000000000000        0.0000000000000000        0.0000000000000000        0.0000000000000000     
   6.4997346442784820E-002   2.1212492677397576        0.0000000000000000        0.0000000000000000        0.0000000000000000        0.0000000000000000        0.0000000000000000        0.0000000000000000        0.0000000000000000        0.0000000000000000     
   6.4997346442784820E-002   2.1212492677397576        3.9222691839589734        0.0000000000000000        0.0000000000000000        0.0000000000000000        0.0000000000000000        0.0000000000000000        0.0000000000000000        0.0000000000000000     
   6.4997346442784820E-002   2.1212492677397576        3.9222691839589734        1.1660628893396423        0.0000000000000000        0.0000000000000000        0.0000000000000000        0.0000000000000000        0.0000000000000000        0.0000000000000000     
   6.4997346442784820E-002   2.1212492677397576        3.9222691839589734        1.1660628893396423        7.0262015289524973        0.0000000000000000        0.0000000000000000        0.0000000000000000        0.0000000000000000        0.0000000000000000     
   6.4997346442784820E-002   2.1212492677397576        3.9222691839589734        1.1660628893396423        7.0262015289524973        13.711056648693503        0.0000000000000000        0.0000000000000000        0.0000000000000000        0.0000000000000000     
   6.4997346442784820E-002   2.1212492677397576        3.9222691839589734        1.1660628893396423        7.0262015289524973        13.711056648693503        15.557635637781988        0.0000000000000000        0.0000000000000000        0.0000000000000000     
   6.4997346442784820E-002   2.1212492677397576        3.9222691839589734        1.1660628893396423        7.0262015289524973        13.711056648693503        15.557635637781988        18.901574409515721        0.0000000000000000        0.0000000000000000     
   6.4997346442784820E-002   2.1212492677397576        3.9222691839589734        1.1660628893396423        7.0262015289524973        13.711056648693503        15.557635637781988        18.901574409515721        24.055782965386239        0.0000000000000000     
   6.4997346442784820E-002   2.1212492677397576        3.9222691839589734        1.1660628893396423        7.0262015289524973        13.711056648693503        15.557635637781988        18.901574409515721        24.055782965386239        29.972413193717280     
  0.13671503314182715        0.0000000000000000        0.0000000000000000        0.0000000000000000        0.0000000000000000        0.0000000000000000        0.0000000000000000        0.0000000000000000        0.0000000000000000        0.0000000000000000     
  0.13671503314182715        2.3153937247789766        0.0000000000000000        0.0000000000000000        0.0000000000000000        0.0000000000000000        0.0000000000000000        0.0000000000000000        0.0000000000000000        0.0000000000000000     
  0.13671503314182715        2.3153937247789766        4.3006858195383453        0.0000000000000000        0.0000000000000000        0.0000000000000000        0.0000000000000000        0.0000000000000000        0.0000000000000000        0.0000000000000000     
  0.13671503314182715        2.3153937247789766        4.3006858195383453       0.56830187964842871        0.0000000000000000        0.0000000000000000        0.0000000000000000        0.0000000000000000        0.0000000000000000        0.0000000000000000     
  0.13671503314182715        2.3153937247789766        4.3006858195383453       0.56830187964842871        6.1648310561700139        0.0000000000000000        0.0000000000000000        0.0000000000000000        0.0000000000000000        0.0000000000000000     
  0.13671503314182715        2.3153937247789766        4.3006858195383453       0.56830187964842871        6.1648310561700139        12.547790783907073        0.0000000000000000        0.0000000000000000        0.0000000000000000        0.0000000000000000     
  0.13671503314182715        2.3153937247789766        4.3006858195383453       0.56830187964842871        6.1648310561700139        12.547790783907073        13.956870309930428        0.0000000000000000        0.0000000000000000        0.0000000000000000     
  0.13671503314182715        2.3153937247789766        4.3006858195383453       0.56830187964842871        6.1648310561700139        12.547790783907073        13.956870309930428        16.788370671197963        0.0000000000000000        0.0000000000000000     
  0.13671503314182715        2.3153937247789766        4.3006858195383453       0.56830187964842871        6.1648310561700139        12.547790783907073        13.956870309930428        16.788370671197963        21.373941291684257        0.0000000000000000     
  0.13671503314182715        2.3153937247789766        4.3006858195383453       0.56830187964842871        6.1648310561700139        12.547790783907073        13.956870309930428        16.788370671197963        21.373941291684257        26.644049633507873     
  0.32766935483873383        0.0000000000000000        0.0000000000000000        0.0000000000000000        0.0000000000000000        0.0000000000000000        0.0000000000000000        0.0000000000000000        0.0000000000000000        0.0000000000000000     
  0.32766935483873383        2.7813258671503260        0.0000000000000000        0.0000000000000000        0.0000000000000000        0.0000000000000000        0.0000000000000000        0.0000000000000000        0.0000000000000000        0.0000000000000000     
  0.32766935483873383        2.7813258671503260        5.1423393098624359        0.0000000000000000        0.0000000000000000        0.0000000000000000        0.0000000000000000        0.0000000000000000        0.0000000000000000        0.0000000000000000     
  0.32766935483873383        2.7813258671503260        5.1423393098624359       0.68594293441513665        0.0000000000000000        0.0000000000000000        0.0000000000000000        0.0000000000000000        0.0000000000000000        0.0000000000000000     
  0.32766935483873383        2.7813258671503260        5.1423393098624359       0.68594293441513665        4.4389855779657168        0.0000000000000000        0.0000000000000000        0.0000000000000000        0.0000000000000000        0.0000000000000000     
  0.32766935483873383        2.7813258671503260        5.1423393098624359       0.68594293441513665        4.4389855779657168        10.302836582330990        0.0000000000000000        0.0000000000000000        0.0000000000000000        0.0000000000000000     
  0.32766935483873383        2.7813258671503260        5.1423393098624359       0.68594293441513665        4.4389855779657168        10.302836582330990        10.962157938013902        0.0000000000000000        0.0000000000000000        0.0000000000000000     
  0.32766935483873383        2.7813258671503260        5.1423393098624359       0.68594293441513665        4.4389855779657168        10.302836582330990        10.962157938013902        12.937249617672061        0.0000000000000000        0.0000000000000000     
  0.32766935483873383        2.7813258671503260        5.1423393098624359       0.68594293441513665        4.4389855779657168        10.302836582330990        10.962157938013902        12.937249617672061        16.594796053187022        0.0000000000000000     
  0.32766935483873383        2.7813258671503260        5.1423393098624359       0.68594293441513665        4.4389855779657168        10.302836582330990        10.962157938013902        12.937249617672061        16.594796053187022        20.826582198952888     
  0.40719318603625054        0.0000000000000000        0.0000000000000000        0.0000000000000000        0.0000000000000000        0.0000000000000000        0.0000000000000000        0.0000000000000000        0.0000000000000000        0.0000000000000000     
  0.40719318603625054        2.9558788664702136        0.0000000000000000        0.0000000000000000        0.0000000000000000        0.0000000000000000        0.0000000000000000        0.0000000000000000        0.0000000000000000        0.0000000000000000     
  0.40719318603625054        2.9558788664702136        5.4295981161109843        0.0000000000000000        0.0000000000000000        0.0000000000000000        0.0000000000000000        0.0000000000000000        0.0000000000000000        0.0000000000000000     
  0.40719318603625054        2.9558788664702136        5.4295981161109843        1.0799460536398309        0.0000000000000000        0.0000000000000000        0.0000000000000000        0.0000000000000000        0.0000000000000000        0.0000000000000000     
  0.40719318603625054        2.9558788664702136        5.4295981161109843        1.0799460536398309        3.9357677293428677        0.0000000000000000        0.0000000000000000        0.0000000000000000        0.0000000000000000        0.0000000000000000     
  0.40719318603625054        2.9558788664702136        5.4295981161109843        1.0799460536398309        3.9357677293428677        9.6909623060970418        0.0000000000000000        0.0000000000000000        0.0000000000000000        0.0000000000000000     
  0.40719318603625054        2.9558788664702136        5.4295981161109843        1.0799460536398309        3.9357677293428677        9.6909623060970418        10.194601458992182        0.0000000000000000        0.0000000000000000        0.0000000000000000     
  0.40719318603625054        2.9558788664702136        5.4295981161109843        1.0799460536398309        3.9357677293428677        9.6909623060970418        10.194601458992182        12.004264672897202        0.0000000000000000        0.0000000000000000     
  0.40719318603625054        2.9558788664702136        5.4295981161109843        1.0799460536398309        3.9357677293428677        9.6909623060970418        10.194601458992182        12.004264672897202        15.495525529759407        0.0000000000000000     
  0.40719318603625054        2.9558788664702136        5.4295981161109843        1.0799460536398309        3.9357677293428677        9.6909623060970418        10.194601458992182        12.004264672897202        15.495525529759407        19.551181151832470     
  0.72535636367653755        0.0000000000000000        0.0000000000000000        0.0000000000000000        0.0000000000000000        0.0000000000000000        0.0000000000000000        0.0000000000000000        0.0000000000000000        0.0000000000000000     
  0.72535636367653755        3.7324866053049179        0.0000000000000000        0.0000000000000000        0.0000000000000000        0.0000000000000000        0.0000000000000000        0.0000000000000000        0.0000000000000000        0.0000000000000000     
  0.72535636367653755        3.7324866053049179        6.8321904299370599        0.0000000000000000        0.0000000000000000        0.0000000000000000        0.0000000000000000        0.0000000000000000        0.0000000000000000        0.0000000000000000     
  0.72535636367653755        3.7324866053049179        6.8321904299370599        3.1690151291413162        0.0000000000000000        0.0000000000000000        0.0000000000000000        0.0000000000000000        0.0000000000000000        0.0000000000000000     
  0.72535636367653755        3.7324866053049179        6.8321904299370599        3.1690151291413162        1.0633002060290571        0.0000000000000000        0.0000000000000000        0.0000000000000000        0.0000000000000000        0.0000000000000000     
  0.72535636367653755        3.7324866053049179        6.8321904299370599        3.1690151291413162        1.0633002060290571        5.9576875089174663        0.0000000000000000        0.0000000000000000        0.0000000000000000        0.0000000000000000     
  0.72535636367653755        3.7324866053049179        6.8321904299370599        3.1690151291413162        1.0633002060290571        5.9576875089174663        5.2191012890575541        0.0000000000000000        0.0000000000000000        0.0000000000000000     
  0.72535636367653755        3.7324866053049179        6.8321904299370599        3.1690151291413162        1.0633002060290571        5.9576875089174663        5.2191012890575541        5.6120228920985644        0.0000000000000000        0.0000000000000000     
  0.72535636367653755        3.7324866053049179        6.8321904299370599        3.1690151291413162        1.0633002060290571        5.9576875089174663        5.2191012890575541        5.6120228920985644        7.5705846437315465        0.0000000000000000     
  0.72535636367653755        3.7324866053049179        6.8321904299370599        3.1690151291413162        1.0633002060290571        5.9576875089174663        5.2191012890575541        5.6120228920985644        7.5705846437315465        9.9137419895288055     
  0.71685609743701872        0.0000000000000000        0.0000000000000000        0.0000000000000000        0.0000000000000000        0.0000000000000000        0.0000000000000000        0.0000000000000000        0.0000000000000000        0.0000000000000000     
  0.71685609743701872        3.7121517061891001        0.0000000000000000        0.0000000000000000        0.0000000000000000        0.0000000000000000        0.0000000000000000        0.0000000000000000        0.0000000000000000        0.0000000000000000     
  0.71685609743701872        3.7121517061891001        6.7960622567031876        0.0000000000000000        0.0000000000000000        0.0000000000000000        0.0000000000000000        0.0000000000000000        0.0000000000000000        0.0000000000000000     
  0.71685609743701872        3.7121517061891001        6.7960622567031876        3.1159341464953734        0.0000000000000000        0.0000000000000000        0.0000000000000000        0.0000000000000000        0.0000000000000000        0.0000000000000000     
  0.71685609743701872        3.7121517061891001        6.7960622567031876        3.1159341464953734        1.1354484656256716        0.0000000000000000        0.0000000000000000        0.0000000000000000        0.0000000000000000        0.0000000000000000     
  0.71685609743701872        3.7121517061891001        6.7960622567031876        3.1159341464953734        1.1354484656256716        6.0505324446287885        0.0000000000000000        0.0000000000000000        0.0000000000000000        0.0000000000000000     
  0.71685609743701872        3.7121517061891001        6.7960622567031876        3.1159341464953734        1.1354484656256716        6.0505324446287885        5.3417803771874475        0.0000000000000000        0.0000000000000000        0.0000000000000000     
  0.71685609743701872        3.7121517061891001        6.7960622567031876        3.1159341464953734        1.1354484656256716        6.0505324446287885        5.3417803771874475        5.7684502837723102        0.0000000000000000        0.0000000000000000     
  0.71685609743701872        3.7121517061891001        6.7960622567031876        3.1159341464953734        1.1354484656256716        6.0505324446287885        5.3417803771874475        5.7684502837723102        7.7632306219924185        0.0000000000000000     
  0.71685609743701872        3.7121517061891001        6.7960622567031876        3.1159341464953734        1.1354484656256716        6.0505324446287885        5.3417803771874475        5.7684502837723102        7.7632306219924185        10.146628900523581     
  0.65811580512593004        0.0000000000000000        0.0000000000000000        0.0000000000000000        0.0000000000000000        0.0000000000000000        0.0000000000000000        0.0000000000000000        0.0000000000000000        0.0000000000000000     
  0.65811580512593004        3.5724186515529395        0.0000000000000000        0.0000000000000000        0.0000000000000000        0.0000000000000000        0.0000000000000000        0.0000000000000000        0.0000000000000000        0.0000000000000000     
  0.65811580512593004        3.5724186515529395        6.5489878335276277        0.0000000000000000        0.0000000000000000        0.0000000000000000        0.0000000000000000        0.0000000000000000        0.0000000000000000        0.0000000000000000     
  0.65811580512593004        3.5724186515529395        6.5489878335276277        2.7544132918638717        0.0000000000000000        0.0000000000000000        0.0000000000000000        0.0000000000000000        0.0000000000000000        0.0000000000000000     
  0.65811580512593004        3.5724186515529395        6.5489878335276277        2.7544132918638717        1.6250711884623827        0.0000000000000000        0.0000000000000000        0.0000000000000000        0.0000000000000000        0.0000000000000000     
  0.65811580512593004        3.5724186515529395        6.5489878335276277        2.7544132918638717        1.6250711884623827        6.6786202936540935        0.0000000000000000        0.0000000000000000        0.0000000000000000        0.0000000000000000     
  0.65811580512593004        3.5724186515529395        6.5489878335276277        2.7544132918638717        1.6250711884623827        6.6786202936540935        6.1693633645372188        0.0000000000000000        0.0000000000000000        0.0000000000000000     
  0.65811580512593004        3.5724186515529395        6.5489878335276277        2.7544132918638717        1.6250711884623827        6.6786202936540935        6.1693633645372188        6.8210416720475706        0.0000000000000000        0.0000000000000000     
  0.65811580512593004        3.5724186515529395        6.5489878335276277        2.7544132918638717        1.6250711884623827        6.6786202936540935        6.1693633645372188        6.8210416720475706        9.0565933123680988        0.0000000000000000     
  0.65811580512593004        3.5724186515529395        6.5489878335276277        2.7544132918638717        1.6250711884623827        6.6786202936540935        6.1693633645372188        6.8210416720475706        9.0565933123680988        11.706937382198959     
  0.41492519001326184        0.0000000000000000        0.0000000000000000        0.0000000000000000        0.0000000000000000        0.0000000000000000        0.0000000000000000        0.0000000000000000        0.0000000000000000        0.0000000000000000     
  0.41492519001326184        3.0110265427340845        0.0000000000000000        0.0000000000000000        0.0000000000000000        0.0000000000000000        0.0000000000000000        0.0000000000000000        0.0000000000000000        0.0000000000000000     
  0.41492519001326184        3.0110265427340845        5.5816576521333854        0.0000000000000000        0.0000000000000000        0.0000000000000000        0.0000000000000000        0.0000000000000000        0.0000000000000000        0.0000000000000000     
  0.41492519001326184        3.0110265427340845        5.5816576521333854        1.3704971467207372        0.0000000000000000        0.0000000000000000        0.0000000000000000        0.0000000000000000        0.0000000000000000        0.0000000000000000     
  0.41492519001326184        3.0110265427340845        5.5816576521333854        1.3704971467207372        3.4626314790717685        0.0000000000000000        0.0000000000000000        0.0000000000000000        0.0000000000000000        0.0000000000000000     
  0.41492519001326184        3.0110265427340845        5.5816576521333854        1.3704971467207372        3.4626314790717685        8.9947883533803417        0.0000000000000000        0.0000000000000000        0.0000000000000000        0.0000000000000000     
  0.41492519001326184        3.0110265427340845        5.5816576521333854        1.3704971467207372        3.4626314790717685        8.9947883533803417        9.1736161859582595        0.0000000000000000        0.0000000000000000        0.0000000000000000     
  0.41492519001326184        3.0110265427340845        5.5816576521333854        1.3704971467207372        3.4626314790717685        8.9947883533803417        9.1736161859582595        10.588424061172470        0.0000000000000000        0.0000000000000000     
  0.41492519001326184        3.0110265427340845        5.5816576521333854        1.3704971467207372        3.4626314790717685        8.9947883533803417        9.1736161859582595        10.588424061172470        13.626786937526383        0.0000000000000000     
  0.41492519001326184        3.0110265427340845        5.5816576521333854        1.3704971467207372        3.4626314790717685        8.9947883533803417        9.1736161859582595        10.588424061172470        13.626786937526383        17.156448167539281     
  0.67448575784357467        0.0000000000000000        0.0000000000000000        0.0000000000000000        0.0000000000000000        0.0000000000000000        0.0000000000000000        0.0000000000000000        0.0000000000000000        0.0000000000000000     
  0.67448575784357467        3.6020672681931423        0.0000000000000000        0.0000000000000000        0.0000000000000000        0.0000000000000000        0.0000000000000000        0.0000000000000000        0.0000000000000000        0.0000000000000000     
  0.67448575784357467        3.6020672681931423        6.5879716437397899        0.0000000000000000        0.0000000000000000        0.0000000000000000        0.0000000000000000        0.0000000000000000        0.0000000000000000        0.0000000000000000     
  0.67448575784357467        3.6020672681931423        6.5879716437397899        2.7950911336488518        0.0000000000000000        0.0000000000000000        0.0000000000000000        0.0000000000000000        0.0000000000000000        0.0000000000000000     
  0.67448575784357467        3.6020672681931423        6.5879716437397899        2.7950911336488518        1.5886862936456050        0.0000000000000000        0.0000000000000000        0.0000000000000000        0.0000000000000000        0.0000000000000000     
  0.67448575784357467        3.6020672681931423        6.5879716437397899        2.7950911336488518        1.5886862936456050        6.6524519618415585        0.0000000000000000        0.0000000000000000        0.0000000000000000        0.0000000000000000     
  0.67448575784357467        3.6020672681931423        6.5879716437397899        2.7950911336488518        1.5886862936456050        6.6524519618415585        6.1582187181109038        0.0000000000000000        0.0000000000000000        0.0000000000000000     
  0.67448575784357467        3.6020672681931423        6.5879716437397899        2.7950911336488518        1.5886862936456050        6.6524519618415585        6.1582187181109038        6.8327388954970427        0.0000000000000000        0.0000000000000000     
  0.67448575784357467        3.6020672681931423        6.5879716437397899        2.7950911336488518        1.5886862936456050        6.6524519618415585        6.1582187181109038        6.8327388954970427        9.0989049261291957        0.0000000000000000     
  0.67448575784357467        3.6020672681931423        6.5879716437397899        2.7950911336488518        1.5886862936456050        6.6524519618415585        6.1582187181109038        6.8327388954970427        9.0989049261291957        11.787819895287962     
  0.24724853071143876        0.0000000000000000        0.0000000000000000        0.0000000000000000        0.0000000000000000        0.0000000000000000        0.0000000000000000        0.0000000000000000        0.0000000000000000        0.0000000000000000     
  0.24724853071143876        2.6082637043754415        0.0000000000000000        0.0000000000000000        0.0000000000000000        0.0000000000000000        0.0000000000000000        0.0000000000000000        0.0000000000000000        0.0000000000000000     
  0.24724853071143876        2.6082637043754415        4.8637583935649387        0.0000000000000000        0.0000000000000000        0.0000000000000000        0.0000000000000000        0.0000000000000000        0.0000000000000000        0.0000000000000000     
  0.24724853071143876        2.6082637043754415        4.8637583935649387       0.31294099616858340        0.0000000000000000        0.0000000000000000        0.0000000000000000        0.0000000000000000        0.0000000000000000        0.0000000000000000     
  0.24724853071143876        2.6082637043754415        4.8637583935649387       0.31294099616858340        4.9032148666232889        0.0000000000000000        0.0000000000000000        0.0000000000000000        0.0000000000000000        0.0000000000000000     
  0.24724853071143876        2.6082637043754415        4.8637583935649387       0.31294099616858340        4.9032148666232889        10.852016258813773        0.0000000000000000        0.0000000000000000        0.0000000000000000        0.0000000000000000     
  0.24724853071143876        2.6082637043754415        4.8637583935649387       0.31294099616858340        4.9032148666232889        10.852016258813773        11.631442135779043        0.0000000000000000        0.0000000000000000        0.0000000000000000     
  0.24724853071143876        2.6082637043754415        4.8637583935649387       0.31294099616858340        4.9032148666232889        10.852016258813773        11.631442135779043        13.726550552251499        0.0000000000000000        0.0000000000000000     
  0.24724853071143876        2.6082637043754415        4.8637583935649387       0.31294099616858340        4.9032148666232889        10.852016258813773        11.631442135779043        13.726550552251499        17.495944607429305        0.0000000000000000     
  0.24724853071143876        2.6082637043754415        4.8637583935649387       0.31294099616858340        4.9032148666232889        10.852016258813773        11.631442135779043        13.726550552251499        17.495944607429305        21.838500523560217     
  0.20477006407422996        0.0000000000000000        0.0000000000000000        0.0000000000000000        0.0000000000000000        0.0000000000000000        0.0000000000000000        0.0000000000000000        0.0000000000000000        0.0000000000000000     
  0.20477006407422996        2.5095106053049268        0.0000000000000000        0.0000000000000000        0.0000000000000000        0.0000000000000000        0.0000000000000000        0.0000000000000000        0.0000000000000000        0.0000000000000000     
  0.20477006407422996        2.5095106053049268        4.6925518698997477        0.0000000000000000        0.0000000000000000        0.0000000000000000        0.0000000000000000        0.0000000000000000        0.0000000000000000        0.0000000000000000     
  0.20477006407422996        2.5095106053049268        4.6925518698997477        6.6682316880779427E-002   0.0000000000000000        0.0000000000000000        0.0000000000000000        0.0000000000000000        0.0000000000000000        0.0000000000000000     
  0.20477006407422996        2.5095106053049268        4.6925518698997477        6.6682316880779427E-002   5.2317580242897330        0.0000000000000000        0.0000000000000000        0.0000000000000000        0.0000000000000000        0.0000000000000000     
  0.20477006407422996        2.5095106053049268        4.6925518698997477        6.6682316880779427E-002   5.2317580242897330        11.267895694732474        0.0000000000000000        0.0000000000000000        0.0000000000000000        0.0000000000000000     
  0.20477006407422996        2.5095106053049268        4.6925518698997477        6.6682316880779427E-002   5.2317580242897330        11.267895694732474        12.172935245625142        0.0000000000000000        0.0000000000000000        0.0000000000000000     
  0.20477006407422996        2.5095106053049268        4.6925518698997477        6.6682316880779427E-002   5.2317580242897330        11.267895694732474        12.172935245625142        14.407940458793542        0.0000000000000000        0.0000000000000000     
  0.20477006407422996        2.5095106053049268        4.6925518698997477        6.6682316880779427E-002   5.2317580242897330        11.267895694732474        12.172935245625142        14.407940458793542        18.325132842971730        0.0000000000000000     
  0.20477006407422996        2.5095106053049268        4.6925518698997477        6.6682316880779427E-002   5.2317580242897330        11.267895694732474        12.172935245625142        14.407940458793542        18.325132842971730        22.830062827225142     
