900
0.017000
0.023000
0.030000
0.037000
0.047000
0.054000
0.064000
0.074000
0.083000
0.103000
0.121000
0.165000
0.178000
0.223000
0.233000
0.270000
0.323000
0.386000
0.417000
0.465000
0.453000
0.491000
0.509000
0.564000
0.611000
0.649000
0.723000
0.820000
0.826000
0.839000
0.806000
0.780000
0.938000
1.042000
1.135000
1.216000
1.344000
1.561000
1.738000
1.783000
1.805000
1.802000
1.843000
1.842000
1.903000
2.050000
2.122000
2.403000
2.596000
2.714000
2.857000
3.015000
3.101000
3.205000
3.296000
3.337000
3.329000
3.466000
3.681000
3.879000
4.085000
4.131000
4.361000
4.496000
4.490000
4.440000
4.430000
4.510000
4.581000
4.460000
4.335000
4.345000
4.552000
4.640000
4.854000
4.813000
4.771000
4.774000
4.856000
4.741000
4.770000
4.609000
4.454000
4.491000
4.596000
4.530000
4.623000
4.588000
4.568000
4.788000
4.871000
4.837000
4.836000
4.885000
4.831000
4.792000
4.672000
4.705000
4.712000
4.686000
4.626000
4.614000
4.667000
4.814000
4.833000
4.809000
4.784000
4.773000
4.831000
4.806000
4.863000
4.778000
4.817000
4.917000
4.913000
4.984000
5.036000
4.919000
4.860000
4.921000
4.876000
4.892000
4.902000
4.912000
4.940000
5.110000
5.025000
4.970000
4.930000
4.866000
4.792000
4.860000
4.754000
4.716000
4.661000
4.728000
4.839000
4.855000
4.734000
4.658000
4.688000
4.812000
4.703000
4.582000
4.592000
4.540000
4.471000
4.483000
4.488000
4.593000
4.579000
4.576000
4.605000
4.675000
4.587000
4.538000
4.439000
4.383000
4.215000
4.081000
4.127000
4.091000
4.040000
4.005000
4.088000
4.009000
4.009000
3.814000
3.852000
3.634000
3.217000
3.186000
3.257000
3.257000
3.365000
3.330000
3.422000
3.793000
3.663000
3.593000
3.580000
3.523000
3.487000
3.492000
3.300000
3.280000
3.231000
3.227000
3.254000
3.246000
3.196000
3.239000
3.272000
3.257000
3.145000
3.056000
3.069000
3.070000
3.038000
2.867000
2.841000
2.841000
2.805000
2.752000
2.620000
2.332000
2.336000
2.389000
2.382000
2.302000
2.274000
2.362000
2.542000
2.434000
2.228000
2.175000
2.156000
2.155000
2.139000
2.058000
2.013000
2.044000
2.050000
1.987000
1.967000
1.876000
1.717000
1.793000
1.828000
1.626000
1.584000
1.575000
1.589000
1.529000
1.500000
1.720000
1.923000
2.260000
2.227000
2.274000
2.594000
2.714000
2.526000
2.484000
2.232000
2.258000
2.323000
2.289000
2.202000
2.242000
2.272000
2.397000
2.434000
2.431000
2.470000
2.507000
2.541000
2.620000
2.689000
2.760000
2.809000
2.885000
3.001000
3.006000
2.995000
3.015000
2.985000
3.043000
3.134000
3.193000
3.387000
3.491000
3.479000
3.562000
3.594000
3.617000
3.633000
3.433000
3.209000
2.967000
2.913000
2.897000
2.952000
3.120000
3.291000
3.282000
3.280000
3.263000
3.302000
3.393000
3.403000
3.737000
4.145000
4.622000
4.742000
4.671000
4.629000
4.651000
4.408000
4.444000
4.448000
4.488000
4.478000
4.502000
4.589000
4.718000
4.675000
4.762000
4.792000
4.934000
4.931000
4.892000
4.952000
4.963000
4.994000
4.976000
4.932000
5.002000
4.911000
4.803000
4.912000
4.742000
4.690000
4.755000
4.791000
4.899000
5.010000
4.989000
5.048000
5.157000
5.084000
4.935000
4.820000
4.818000
4.892000
4.896000
4.865000
4.932000
5.110000
5.281000
5.372000
5.380000
5.527000
5.638000
5.716000
5.958000
6.225000
6.381000
6.628000
6.787000
7.003000
7.199000
7.353000
7.708000
7.966000
8.238000
8.548000
8.530000
8.671000
9.270000
9.457000
9.809000
10.165000
10.440000
10.558000
10.737000
10.935000
10.706000
10.659000
11.229000
11.922000
12.146000
12.419000
12.758000
13.829000
14.497000
14.024000
13.024000
12.798000
12.730000
13.006000
12.836000
13.165000
13.799000
14.111000
14.521000
14.387000
14.180000
14.029000
13.591000
13.315000
13.647000
13.424000
13.454000
13.181000
13.016000
12.056000
11.859000
11.785000
11.660000
11.409000
11.232000
11.109000
11.762000
11.642000
11.291000
11.246000
11.076000
11.008000
10.847000
10.517000
10.067000
9.961000
9.732000
9.723000
9.234000
9.107000
8.934000
8.935000
8.881000
8.974000
8.956000
9.094000
9.040000
9.196000
9.155000
8.972000
8.857000
8.708000
8.530000
8.506000
8.232000
8.432000
8.576000
8.592000
8.661000
8.761000
8.791000
8.666000
7.843000
7.663000
7.641000
7.763000
7.972000
7.895000
8.288000
8.946000
9.148000
9.308000
9.222000
9.247000
9.454000
9.326000
9.526000
9.680000
9.620000
9.594000
9.206000
8.915000
8.731000
8.419000
7.960000
7.754000
7.576000
7.466000
7.332000
7.261000
7.173000
7.253000
7.286000
7.336000
7.217000
6.897000
6.761000
6.491000
6.173000
6.036000
6.031000
5.964000
5.932000
5.853000
5.798000
5.873000
5.817000
5.741000
5.554000
5.464000
5.345000
5.280000
5.153000
5.152000
5.123000
5.063000
5.045000
4.985000
4.714000
4.626000
4.584000
4.530000
4.495000
4.295000
4.151000
4.201000
4.234000
4.217000
4.193000
4.213000
4.195000
4.122000
4.077000
4.019000
4.019000
3.957000
3.841000
3.804000
3.809000
3.810000
3.609000
3.572000
3.574000
3.417000
3.349000
3.247000
3.197000
3.209000
3.172000
3.106000
3.121000
2.994000
2.935000
2.883000
2.889000
2.884000
2.819000
2.450000
2.151000
2.179000
2.110000
2.130000
2.149000
2.192000
2.426000
2.793000
2.686000
2.687000
2.632000
2.598000
2.586000
2.582000
2.492000
2.469000
2.497000
2.466000
2.478000
2.431000
2.527000
2.538000
2.524000
2.397000
2.340000
2.313000
2.320000
2.231000
2.157000
2.037000
2.130000
2.105000
2.055000
2.057000
1.718000
1.475000
1.571000
1.489000
1.522000
1.506000
1.503000
1.639000
1.768000
1.697000
1.657000
1.580000
1.574000
1.578000
1.594000
1.618000
1.556000
1.530000
1.440000
1.450000
1.380000
1.213000
1.050000
1.090000
1.073000
1.131000
1.089000
1.100000
1.138000
1.190000
1.061000
1.220000
1.223000
1.220000
1.186000
1.143000
1.215000
1.236000
0.981000
0.914000
0.935000
0.972000
1.074000
1.003000
1.014000
1.058000
1.072000
1.061000
1.056000
1.076000
1.074000
1.013000
0.966000
0.912000
0.906000
0.915000
0.872000
0.853000
0.856000
0.852000
0.790000
0.797000
0.739000
0.641000
0.679000
0.628000
0.608000
0.665000
0.647000
0.672000
0.644000
0.543000
0.545000
0.521000
0.450000
0.444000
0.432000
0.505000
0.486000
0.505000
0.453000
0.454000
0.446000
0.451000
0.451000
0.373000
0.270000
0.325000
0.380000
0.567000
0.595000
0.569000
0.658000
0.784000
0.827000
0.864000
0.717000
0.741000
0.864000
0.989000
1.097000
1.208000
1.305000
1.362000
1.438000
1.550000
1.728000
1.942000
2.196000
2.452000
2.520000
2.635000
2.817000
3.055000
3.273000
3.396000
3.483000
3.575000
3.571000
3.841000
4.079000
4.024000
4.134000
4.167000
4.105000
4.136000
3.971000
3.783000
3.878000
3.915000
3.899000
3.945000
3.844000
3.772000
3.745000
3.697000
3.437000
3.325000
3.229000
3.171000
2.791000
2.360000
2.080000
2.017000
2.021000
2.000000
1.981000
2.141000
2.342000
2.370000
2.214000
2.012000
1.947000
1.939000
1.829000
1.642000
1.542000
1.503000
1.436000
1.424000
1.358000
1.418000
1.370000
1.271000
1.171000
1.104000
1.109000
1.088000
1.002000
0.988000
0.948000
0.940000
0.883000
0.834000
0.895000
0.852000
0.807000
0.804000
0.741000
0.736000
0.735000
0.671000
0.637000
0.616000
0.543000
0.518000
0.473000
0.463000
0.463000
0.437000
0.503000
0.472000
0.432000
0.447000
0.456000
0.462000
0.475000
0.461000
0.475000
0.565000
0.587000
0.574000
0.583000
0.548000
0.429000
0.445000
0.451000
0.417000
0.415000
0.392000
0.463000
0.504000
0.495000
0.457000
0.495000
0.517000
0.527000
0.395000
0.311000
0.228000
0.473000
0.000000
0.471000
0.451000
0.610000
0.698000
0.000000
0.000000
0.501000
0.453000
0.471000
0.419000
0.414000
0.500000
0.435000
0.387000
0.345000
0.350000
0.448000
0.564000
0.573000
0.659000
0.735000
0.759000
0.759000
0.671000
0.697000
0.602000
0.489000
0.413000
0.389000
0.654000
0.691000
0.558000
0.801000
1.024000
1.024000
1.024000
0.914000
0.972000
0.879000
1.014000
0.980000
1.086000
1.121000
1.000000
1.054000
1.294000
1.104000
1.092000
1.130000
1.132000
1.150000
1.115000
1.128000
1.137000
1.167000
1.160000
1.160000
1.173000
1.179000
1.156000
1.138000
1.117000
0.980000
1.076000
1.083000
1.082000
1.058000
1.055000
1.031000
1.146000
1.033000
1.048000
1.010000
0.980000
0.978000
0.963000
0.968000
0.988000
0.967000
1.014000
0.837000
0.980000
0.996000
0.876000
0.838000
0.927000
0.821000
0.986000
0.807000
0.737000
0.737000
0.737000
0.661000
0.524000
0.711000
0.678000
0.693000
0.693000
0.693000
0.715000
0.868000
0.593000
0.488000
0.577000
0.577000
0.577000
0.535000
0.383000
0.307000
