  0.31011098758344280               23  0.26948680607939823               16  0.22780300277089147               25
  0.24545656117753276               20  0.21540117029418701               19  0.18101979789336886               32
  0.17577061605854102               22  0.15593627367285462               17  0.13151168058886339               60
   9.9961247688278895E-002          31   8.9145623600949256E-002          18  0.10865969766299176               32
   1.6094896655176133E-002         205   1.3512118454149079E-002          86   3.7063949180411414E-002          29
   1.8374329995004261E-002          64   8.1506512459927211E-003          71   3.1494494203022180E-002          33
   1.6100985346856479E-002         225   6.0069286417373568E-003          34   2.8560217740133578E-002          42
   4.5620614322010814E-003         140   5.1911087324316985E-003          43   2.5139444238492764E-002          75
   4.9795830301170244E-003         114   3.2108166713729386E-003          70   2.5610491769067434E-002         249
   4.0596151451464044E-003         128   2.4464036500862632E-003         135   4.5497828779620959E-003         216
   3.0075741110209154E-003         188   2.0303471549722781E-003         287   1.4693628193724679E-002         149
