   16.33
   12.02
    9.08
   12.14
    5.97
   16.29
   31.61
   23.92
   18.03
   11.67
    5.26
   10.52
   13.93
   14.46
   14.67
    6.39
    1.17
    3.93
    1.94
    7.33
    6.82
   10.22
    6.21
    1.80
    7.86
    5.09
    1.67
    3.55
    2.47
    2.53
    2.81
    4.66
    5.92
    1.49
    3.88
    1.90
    3.22
    4.29
    9.79
   18.22
   12.94
    5.15
    5.43
    1.84
    1.51
    4.04
    7.75
    9.45
    7.85
    1.20
    4.72
    5.64
    3.97
    6.65
    7.10
    7.91
    8.46
    1.74
    5.94
    8.25
    9.69
   13.73
   11.54
    7.84
    1.15
    0.90
    5.44
    5.11
    8.97
   14.47
   10.95
    0.77
    0.73
    3.62
    2.48
    2.61
    7.60
    6.33
    2.98
    0.74
    0.79
    1.16
    1.20
    1.02
    2.81
    1.11
    4.40
    1.94
    5.11
    3.46
    1.63
    2.35
    2.54
   10.42
    5.43
    4.96
    9.12
    1.64
    3.74
    1.75
