   25.14
   14.91
    7.87
   19.92
   37.53
   15.34
    8.82
    5.46
    9.29
    7.23
   21.30
   38.20
   27.10
   17.77
    8.23
    4.74
   20.12
   23.47
   22.63
   20.28
    6.49
    5.73
   11.92
    9.25
   15.45
   12.33
   13.33
    5.32
    4.57
   16.22
   13.11
    6.81
    7.06
    3.01
    5.99
    8.36
   10.18
   10.39
    1.27
    2.78
    2.94
    3.26
    6.66
   14.34
   22.38
   13.40
    1.18
   13.35
   10.19
    7.81
    8.88
   10.30
    8.52
    4.00
    6.98
   11.87
   11.89
    6.91
    8.59
    6.69
    5.65
    4.04
    9.26
   14.91
   14.18
   11.81
   12.17
    6.97
    1.27
   10.07
    7.90
   11.65
    8.66
    9.83
   13.43
    6.97
    6.43
    7.77
   10.61
    7.60
    5.22
    8.28
    3.94
    1.93
    5.53
    6.66
    2.68
    0.94
    1.06
    4.08
    2.56
    3.13
    0.71
    3.56
    2.49
    1.98
    2.41
    2.55
   11.47
    5.92
