   11.66
   25.70
   20.49
   17.04
   12.95
    8.09
    5.96
    9.65
   10.75
   11.69
    4.74
    1.63
    3.97
    2.01
    6.59
    5.45
    7.60
    3.55
    2.43
    8.33
    5.11
    1.30
    2.05
    4.39
    5.00
    5.41
    6.38
    6.75
    1.34
    2.72
    1.68
    2.80
    4.54
    9.16
   15.80
   10.76
    4.26
    4.49
    0.88
    1.32
    1.95
    4.14
    5.52
    4.23
    2.25
    4.46
    4.08
    1.57
    3.48
    4.37
    5.76
    7.19
    0.84
    3.86
    5.41
    6.58
   10.10
    8.46
    5.84
    1.02
    2.64
    1.54
    2.31
    4.33
    9.86
    8.21
    0.77
    1.22
    0.94
    1.62
    2.24
    3.24
    2.73
    0.84
    0.38
    0.72
    2.75
    3.74
    3.94
    6.11
    3.69
    2.09
    1.22
    5.06
    4.12
    3.16
    2.66
    2.92
    7.81
    4.23
    5.06
    7.22
    2.62
    2.44
    1.61
    4.52
    4.33
    4.82
    3.41
    1.32
