   33.20
   40.30
   18.42
   38.02
   42.41
   37.13
    4.97
   25.66
   18.30
   27.32
   40.01
   11.18
   27.57
   56.55
   66.41
    9.28
   34.25
   38.00
    7.76
    5.64
   21.08
   35.52
    3.74
   19.92
   35.55
   28.25
   33.13
    2.80
   15.06
   14.16
   23.44
   28.92
   13.49
   15.93
   11.34
   11.76
    2.84
    5.01
    6.93
   20.92
    3.13
   15.27
   13.33
   20.37
    9.21
    5.85
    8.40
    6.65
   18.16
    1.04
    2.57
   12.05
    5.02
   12.67
   26.64
    3.25
   21.41
   45.31
   11.95
   11.12
   22.28
   16.82
    2.22
    9.85
    6.89
   12.98
   10.25
   11.45
   11.98
    8.30
    2.14
   11.35
    8.43
   16.02
    9.14
    1.19
    3.91
   12.07
   14.88
   19.20
    5.87
    3.18
   10.77
    4.33
   10.07
    3.83
   19.87
   11.98
    9.18
   10.82
   17.46
    2.95
    1.12
    1.53
    1.54
    5.47
    5.05
    6.78
    6.93
   10.33
