    4.74
   15.72
   12.62
    2.49
    6.32
    5.77
   16.80
   17.89
   14.62
   14.02
   11.83
    5.15
    9.22
    5.39
    1.91
    3.45
    6.17
    7.75
    4.57
   12.47
   13.12
   10.66
   13.76
    9.24
    4.80
    2.35
    1.09
    4.69
    4.78
    1.25
    1.85
    2.57
    4.59
    9.58
   16.36
    4.42
    4.38
    3.97
    0.52
    1.46
    1.49
    1.89
    5.91
    4.26
    5.98
    2.67
    1.12
    3.00
    1.28
    2.17
    1.83
    4.34
    2.93
    0.78
    1.61
    2.71
    6.62
    4.95
    2.06
    1.74
    2.67
    1.87
    2.39
    5.82
   10.05
    6.82
    0.86
    0.73
    1.27
    2.08
    2.70
    2.35
    2.54
    0.98
    1.38
    0.99
    0.82
    1.14
    1.42
    2.37
    1.39
    0.47
    0.87
    1.23
    0.98
    0.90
    2.39
    2.65
    6.19
    4.34
    5.01
    4.25
    4.33
    1.07
    2.89
    1.24
    1.09
    1.96
    4.40
    2.85
