   21.74
   20.66
   19.53
   18.72
   19.84
   16.35
   16.21
   17.56
   29.97
   50.09
   22.42
   25.46
   27.26
   20.96
    9.14
   30.56
   21.35
   22.16
   20.72
   17.46
   14.18
   31.34
   25.96
   18.93
   19.69
    2.23
   17.29
    3.81
   28.22
    2.00
   13.00
   16.40
   14.40
   13.33
   14.63
   17.53
    9.21
   13.68
   11.49
   11.86
   17.63
    5.52
    8.41
    5.23
    1.07
    1.96
    2.69
    3.32
    8.34
   11.81
    3.21
    3.65
    1.62
    9.34
    1.16
    2.05
    6.15
    5.65
    2.52
    7.72
    4.12
    5.30
    5.73
    6.07
    1.17
    1.69
    3.42
   11.47
    0.63
    0.65
    1.25
    1.80
    3.48
    7.16
   15.27
    3.76
    1.56
    6.88
    2.76
    2.78
    3.06
   10.64
    1.47
    1.50
    1.36
    0.80
    1.52
    1.04
    0.48
    1.18
    1.05
    4.56
    0.63
    0.89
    1.68
    1.31
    0.64
    2.10
    1.86
    5.32
