   47.98
   42.90
   38.28
   36.17
   34.85
   35.07
   34.33
   33.41
   32.24
   33.36
   38.09
   21.69
   20.87
   23.01
   28.82
   32.13
   39.70
   43.73
   47.01
   47.90
   26.16
   21.10
   13.29
    2.29
    3.13
    8.11
   14.64
   20.76
   26.65
   30.75
   26.92
   29.36
   24.90
   18.27
    9.23
    2.85
    3.05
    4.38
    9.36
   10.81
   13.54
   17.85
   20.32
   17.13
    8.74
    1.44
    1.11
    1.54
    1.46
    1.88
    2.24
    2.05
    3.41
    4.23
    4.64
    5.21
    5.93
    5.15
    5.80
    2.15
    2.17
    2.91
    3.74
    4.66
    4.32
    4.26
    3.40
    2.16
    2.32
    3.13
    4.49
    6.03
    5.72
    4.59
    3.95
    2.27
    2.26
    3.20
    3.81
    4.77
    5.25
    3.03
    2.57
    2.41
    2.39
    3.04
    2.47
    2.97
    2.26
    1.25
    0.81
    1.00
    0.93
    1.25
    1.88
    2.29
    1.81
    1.39
    1.20
    0.74
