15
26
27
28
29
30
31
32
33
34
35
36
37
38
39
40
15
27
28
29
30
31
32
33
34
35
36
37
38
39
40
41
18
 1
26
27
28
29
30
31
32
33
34
35
36
37
38
39
40
41
42
18
 1
27
28
29
30
31
32
33
34
35
36
37
38
39
40
41
42
43
18
 1
28
29
30
31
32
33
34
35
36
37
38
39
40
41
42
43
44
18
 1
29
30
31
32
33
34
35
36
37
38
39
40
41
42
43
44
45
18
 2
30
31
32
33
34
35
36
37
38
39
40
41
42
43
44
45
46
18
 3
31
32
33
34
35
36
37
38
39
40
41
42
43
44
45
46
47
18
 4
32
33
34
35
36
37
38
39
40
41
42
43
44
45
46
47
48
21
19
 6
 4
 5
33
34
35
36
37
38
39
40
41
42
43
44
45
46
47
48
49
21
20
 4
 6
 5
34
35
36
37
38
39
40
41
42
43
44
45
46
47
48
49
50
21
 4
13
 5
 6
35
36
37
38
39
40
41
42
43
44
45
46
47
48
49
50
51
21
22
 5
 6
 7
36
37
38
39
40
41
42
43
44
45
46
47
48
49
50
51
52
21
 6
 7
 1
 8
37
38
39
40
41
42
43
44
45
46
47
48
49
50
51
52
53
21
 1
 8
 2
 9
38
39
40
41
42
43
44
45
46
47
48
49
50
51
52
53
54
21
 5
11
10
 4
39
40
41
42
43
44
45
46
47
48
49
50
51
52
53
54
55
24
26
 9
 3
18
10
 4
11
40
41
42
43
44
45
46
47
48
49
50
51
52
53
54
55
56
24
27
10
19
 4
11
 5
12
41
42
43
44
45
46
47
48
49
50
51
52
53
54
55
56
57
24
28
20
11
 5
12
 6
13
42
43
44
45
46
47
48
49
50
51
52
53
54
55
56
57
58
24
 5
29
12
 6
13
14
 7
43
44
45
46
47
48
49
50
51
52
53
54
55
56
57
58
59
24
 6
30
13
 7
14
15
 8
44
45
46
47
48
49
50
51
52
53
54
55
56
57
58
59
60
