 --------------------------------------------------
  #iter    #init      Sp(xstar)       ||g(xstar)||
 --------------------------------------------------
     1        0      5.944508E+01              NaN
     2       17      5.944508E+01     5.033476E+01
     3       17      5.944508E+01     5.033476E+01
     4       17      5.944508E+01     5.033476E+01
     5       17      5.944508E+01     5.033476E+01
     6       17      5.944508E+01     5.033476E+01
     7       18      5.944508E+01     5.033476E+01
     8       18      5.944508E+01     5.033476E+01
     9       18      5.944508E+01     5.033476E+01
    10       18      5.944508E+01     5.033476E+01
    11       18      5.944508E+01     5.033476E+01
    12       18      5.944508E+01     5.033476E+01
    13       18      5.944508E+01     5.033476E+01
    14       18      5.944508E+01     5.033476E+01
    15       18      5.944508E+01     5.033476E+01
    16       18      5.944508E+01     5.033476E+01
    17       19      5.944508E+01     5.033476E+01
    18       19      5.944508E+01     5.033476E+01
    19       19      5.944508E+01     5.033476E+01
    20       19      5.944508E+01     5.033476E+01
    21       19      5.944508E+01     5.033476E+01
    22       19      5.944508E+01     5.033476E+01
    23       19      5.944508E+01     5.033476E+01
    24       19      5.944508E+01     5.033476E+01
    25       19      5.944508E+01     5.033476E+01
    26       19      5.944508E+01     5.033476E+01
    27       19      5.944508E+01     5.033476E+01
    28       19      5.944508E+01     5.033476E+01
    29       19      5.944508E+01     5.033476E+01
    30       19      5.944508E+01     5.033476E+01
    31       19      5.944508E+01     5.033476E+01
    32       19      5.944508E+01     5.033476E+01
    33       19      5.944508E+01     5.033476E+01
    34       19      5.944508E+01     5.033476E+01
    35       19      5.944508E+01     5.033476E+01
    36       19      5.944508E+01     5.033476E+01
    37       19      5.944508E+01     5.033476E+01
    38       19      5.944508E+01     5.033476E+01
    39       19      5.944508E+01     5.033476E+01
    40       19      5.944508E+01     5.033476E+01
    41       19      5.944508E+01     5.033476E+01
    42       19      5.944508E+01     5.033476E+01
    43       19      5.944508E+01     5.033476E+01
    44       19      5.944508E+01     5.033476E+01
    45       19      5.944508E+01     5.033476E+01
    46       19      5.944508E+01     5.033476E+01
    47       19      5.944508E+01     5.033476E+01
    48       19      5.944508E+01     5.033476E+01
    49       19      5.944508E+01     5.033476E+01
    50       19      5.944508E+01     5.033476E+01
    51       19      5.944508E+01     5.033476E+01
    52       19      5.944508E+01     5.033476E+01
    53       19      5.944508E+01     5.033476E+01
    54       19      5.944508E+01     5.033476E+01
    55       19      5.944508E+01     5.033476E+01
    56       19      5.944508E+01     5.033476E+01
    57       19      5.944508E+01     5.033476E+01
    58       19      5.944508E+01     5.033476E+01
    59       19      5.944508E+01     5.033476E+01
    60       19      5.944508E+01     5.033476E+01
    61       19      5.944508E+01     5.033476E+01
    62       19      5.944508E+01     5.033476E+01
    63       19      5.944508E+01     5.033476E+01
    64       19      5.944508E+01     5.033476E+01
    65       19      5.944508E+01     5.033476E+01
    66       19      5.944508E+01     5.033476E+01
    67       19      5.944508E+01     5.033476E+01
    68       19      5.944508E+01     5.033476E+01
    69       19      5.944508E+01     5.033476E+01
    70       19      5.944508E+01     5.033476E+01
    71       19      5.944508E+01     5.033476E+01
    72       19      5.944508E+01     5.033476E+01
    73       19      5.944508E+01     5.033476E+01
    74       19      5.944508E+01     5.033476E+01
    75       19      5.944508E+01     5.033476E+01
    76       19      5.944508E+01     5.033476E+01
    77       19      5.944508E+01     5.033476E+01
    78       19      5.944508E+01     5.033476E+01
    79       19      5.944508E+01     5.033476E+01
    80       19      5.944508E+01     5.033476E+01
    81       19      5.944508E+01     5.033476E+01
    82       19      5.944508E+01     5.033476E+01
    83       19      5.944508E+01     5.033476E+01
    84       19      5.944508E+01     5.033476E+01
    85       19      5.944508E+01     5.033476E+01
    86       19      5.944508E+01     5.033476E+01
    87       19      5.944508E+01     5.033476E+01
    88       19      5.944508E+01     5.033476E+01
    89       19      5.944508E+01     5.033476E+01
    90       19      5.944508E+01     5.033476E+01
    91       19      5.944508E+01     5.033476E+01
    92       19      5.944508E+01     5.033476E+01
    93       19      5.944508E+01     5.033476E+01
    94       19      5.944508E+01     5.033476E+01
    95       19      5.944508E+01     5.033476E+01
    96       19      5.944508E+01     5.033476E+01
    97       19      5.944508E+01     5.033476E+01
    98       19      5.944508E+01     5.033476E+01
    99       19      5.944508E+01     5.033476E+01
   100       19      5.944508E+01     5.033476E+01
   101       19      5.944508E+01     5.033476E+01
   102       19      5.944508E+01     5.033476E+01
   103       19      5.944508E+01     5.033476E+01
   104       19      5.944508E+01     5.033476E+01
   105       19      5.944508E+01     5.033476E+01
   106       19      5.944508E+01     5.033476E+01
   107       19      5.944508E+01     5.033476E+01
   108       19      5.944508E+01     5.033476E+01
   109       19      5.944508E+01     5.033476E+01
   110       19      5.944508E+01     5.033476E+01
   111       19      5.944508E+01     5.033476E+01
   112       19      5.944508E+01     5.033476E+01
   113       19      5.944508E+01     5.033476E+01
   114       19      5.944508E+01     5.033476E+01
   115       19      5.944508E+01     5.033476E+01
   116       19      5.944508E+01     5.033476E+01
   117       19      5.944508E+01     5.033476E+01
   118       19      5.944508E+01     5.033476E+01
   119       19      5.944508E+01     5.033476E+01
   120       19      5.944508E+01     5.033476E+01
   121       19      5.944508E+01     5.033476E+01
   122       19      5.944508E+01     5.033476E+01
   123       19      5.944508E+01     5.033476E+01
   124       19      5.944508E+01     5.033476E+01
   125       19      5.944508E+01     5.033476E+01
   126       19      5.944508E+01     5.033476E+01
   127       19      5.944508E+01     5.033476E+01
   128       19      5.944508E+01     5.033476E+01
   129       19      5.944508E+01     5.033476E+01
   130       19      5.944508E+01     5.033476E+01
   131       19      5.944508E+01     5.033476E+01
   132       19      5.944508E+01     5.033476E+01
   133       19      5.944508E+01     5.033476E+01
   134       19      5.944508E+01     5.033476E+01
   135       19      5.944508E+01     5.033476E+01
   136       19      5.944508E+01     5.033476E+01
   137       19      5.944508E+01     5.033476E+01
   138       19      5.944508E+01     5.033476E+01
   139       19      5.944508E+01     5.033476E+01
   140       19      5.944508E+01     5.033476E+01
   141       19      5.944508E+01     5.033476E+01
   142       19      5.944508E+01     5.033476E+01
   143       19      5.944508E+01     5.033476E+01
   144       19      5.944508E+01     5.033476E+01
   145       19      5.944508E+01     5.033476E+01
   146       19      5.944508E+01     5.033476E+01
   147       19      5.944508E+01     5.033476E+01
   148       19      5.944508E+01     5.033476E+01
   149       19      5.944508E+01     5.033476E+01
   150       19      5.944508E+01     5.033476E+01
   151       19      5.944508E+01     5.033476E+01
   152       19      5.944508E+01     5.033476E+01
   153       19      5.944508E+01     5.033476E+01
   154       19      5.944508E+01     5.033476E+01
   155       19      5.944508E+01     5.033476E+01
   156       19      5.944508E+01     5.033476E+01
   157       19      5.944508E+01     5.033476E+01
   158       19      5.944508E+01     5.033476E+01
   159       19      5.944508E+01     5.033476E+01
   160       19      5.944508E+01     5.033476E+01
   161       19      5.944508E+01     5.033476E+01
   162       19      5.944508E+01     5.033476E+01
   163       19      5.944508E+01     5.033476E+01
   164       19      5.944508E+01     5.033476E+01
   165       19      5.944508E+01     5.033476E+01
   166       19      5.944508E+01     5.033476E+01
   167       19      5.944508E+01     5.033476E+01
   168       19      5.944508E+01     5.033476E+01
   169       19      5.944508E+01     5.033476E+01
   170       19      5.944508E+01     5.033476E+01
   171       19      5.944508E+01     5.033476E+01
   172       19      5.944508E+01     5.033476E+01
   173       19      5.944508E+01     5.033476E+01
   174       19      5.944508E+01     5.033476E+01
   175       19      5.944508E+01     5.033476E+01
   176       19      5.944508E+01     5.033476E+01
   177       19      5.944508E+01     5.033476E+01
   178       19      5.944508E+01     5.033476E+01
   179       19      5.944508E+01     5.033476E+01
   180       19      5.944508E+01     5.033476E+01
   181       19      5.944508E+01     5.033476E+01
   182       19      5.944508E+01     5.033476E+01
   183       19      5.944508E+01     5.033476E+01
   184       19      5.944508E+01     5.033476E+01
   185       19      5.944508E+01     5.033476E+01
   186       19      5.944508E+01     5.033476E+01
   187       19      5.944508E+01     5.033476E+01
   188       19      5.944508E+01     5.033476E+01
   189       19      5.944508E+01     5.033476E+01
   190       19      5.944508E+01     5.033476E+01
   191       19      5.944508E+01     5.033476E+01
   192       19      5.944508E+01     5.033476E+01
   193       19      5.944508E+01     5.033476E+01
   194       19      5.944508E+01     5.033476E+01
   195       19      5.944508E+01     5.033476E+01
   196       19      5.944508E+01     5.033476E+01
   197       19      5.944508E+01     5.033476E+01
   198       19      5.944508E+01     5.033476E+01
   199       19      5.944508E+01     5.033476E+01
   200       19      5.944508E+01     5.033476E+01
   201       19      5.944508E+01     5.033476E+01
   202       19      5.944508E+01     5.033476E+01
   203       19      5.944508E+01     5.033476E+01
   204       19      5.944508E+01     5.033476E+01
   205       19      5.944508E+01     5.033476E+01
   206       19      5.944508E+01     5.033476E+01
   207       19      5.944508E+01     5.033476E+01
   208       19      5.944508E+01     5.033476E+01
   209       19      5.944508E+01     5.033476E+01
   210       19      5.944508E+01     5.033476E+01
   211       19      5.944508E+01     5.033476E+01
   212       19      5.944508E+01     5.033476E+01
   213       19      5.944508E+01     5.033476E+01
   214       19      5.944508E+01     5.033476E+01
   215       19      5.944508E+01     5.033476E+01
   216       19      5.944508E+01     5.033476E+01
   217       19      5.944508E+01     5.033476E+01
   218       19      5.944508E+01     5.033476E+01
   219       19      5.944508E+01     5.033476E+01
   220       19      5.944508E+01     5.033476E+01
   221       19      5.944508E+01     5.033476E+01
   222       19      5.944508E+01     5.033476E+01
   223       19      5.944508E+01     5.033476E+01
   224       19      5.944508E+01     5.033476E+01
   225       19      5.944508E+01     5.033476E+01
   226       19      5.944508E+01     5.033476E+01
   227       19      5.944508E+01     5.033476E+01
   228       19      5.944508E+01     5.033476E+01
   229       19      5.944508E+01     5.033476E+01
   230       19      5.944508E+01     5.033476E+01
   231       19      5.944508E+01     5.033476E+01
   232       19      5.944508E+01     5.033476E+01
   233       19      5.944508E+01     5.033476E+01
   234       19      5.944508E+01     5.033476E+01
   235       19      5.944508E+01     5.033476E+01
   236       19      5.944508E+01     5.033476E+01
   237       19      5.944508E+01     5.033476E+01
   238       19      5.944508E+01     5.033476E+01
   239       19      5.944508E+01     5.033476E+01
   240       19      5.944508E+01     5.033476E+01
   241       19      5.944508E+01     5.033476E+01
   242       19      5.944508E+01     5.033476E+01
   243       19      5.944508E+01     5.033476E+01
   244       19      5.944508E+01     5.033476E+01
   245       19      5.944508E+01     5.033476E+01
   246       19      5.944508E+01     5.033476E+01
   247       19      5.944508E+01     5.033476E+01
   248       19      5.944508E+01     5.033476E+01
   249       19      5.944508E+01     5.033476E+01
   250       19      5.944508E+01     5.033476E+01
   251       19      5.944508E+01     5.033476E+01
   252       19      5.944508E+01     5.033476E+01
   253       19      5.944508E+01     5.033476E+01
   254       19      5.944508E+01     5.033476E+01
   255       19      5.944508E+01     5.033476E+01
   256       19      5.944508E+01     5.033476E+01
   257       19      5.944508E+01     5.033476E+01
   258       19      5.944508E+01     5.033476E+01
   259       19      5.944508E+01     5.033476E+01
   260       19      5.944508E+01     5.033476E+01
   261       19      5.944508E+01     5.033476E+01
   262       19      5.944508E+01     5.033476E+01
   263       19      5.944508E+01     5.033476E+01
   264       19      5.944508E+01     5.033476E+01
   265       19      5.944508E+01     5.033476E+01
   266       19      5.944508E+01     5.033476E+01
   267       19      5.944508E+01     5.033476E+01
   268       19      5.944508E+01     5.033476E+01
   269       19      5.944508E+01     5.033476E+01
   270       19      5.944508E+01     5.033476E+01
   271       19      5.944508E+01     5.033476E+01
   272       19      5.944508E+01     5.033476E+01
   273       19      5.944508E+01     5.033476E+01
   274       19      5.944508E+01     5.033476E+01
   275       19      5.944508E+01     5.033476E+01
   276       19      5.944508E+01     5.033476E+01
   277       19      5.944508E+01     5.033476E+01
   278       19      5.944508E+01     5.033476E+01
   279       19      5.944508E+01     5.033476E+01
   280       19      5.944508E+01     5.033476E+01
   281       19      5.944508E+01     5.033476E+01
   282       19      5.944508E+01     5.033476E+01
   283       19      5.944508E+01     5.033476E+01
   284       19      5.944508E+01     5.033476E+01
   285       19      5.944508E+01     5.033476E+01
   286       19      5.944508E+01     5.033476E+01
   287       19      5.944508E+01     5.033476E+01
   288       19      5.944508E+01     5.033476E+01
   289       19      5.944508E+01     5.033476E+01
   290       19      5.944508E+01     5.033476E+01
   291       19      5.944508E+01     5.033476E+01
   292       19      5.944508E+01     5.033476E+01
   293       19      5.944508E+01     5.033476E+01
   294       19      5.944508E+01     5.033476E+01
   295       19      5.944508E+01     5.033476E+01
   296       19      5.944508E+01     5.033476E+01
   297       19      5.944508E+01     5.033476E+01
   298       19      5.944508E+01     5.033476E+01
   299       19      5.944508E+01     5.033476E+01
   300       19      5.944508E+01     5.033476E+01
   301       19      5.944508E+01     5.033476E+01
   302       19      5.944508E+01     5.033476E+01
   303       19      5.944508E+01     5.033476E+01
   304       19      5.944508E+01     5.033476E+01
   305       19      5.944508E+01     5.033476E+01
   306       19      5.944508E+01     5.033476E+01
   307       19      5.944508E+01     5.033476E+01
   308       19      5.944508E+01     5.033476E+01
   309       19      5.944508E+01     5.033476E+01
   310       19      5.944508E+01     5.033476E+01
   311       19      5.944508E+01     5.033476E+01
   312       19      5.944508E+01     5.033476E+01
   313       19      5.944508E+01     5.033476E+01
   314       19      5.944508E+01     5.033476E+01
   315       19      5.944508E+01     5.033476E+01
   316       19      5.944508E+01     5.033476E+01
   317       19      5.944508E+01     5.033476E+01
   318       19      5.944508E+01     5.033476E+01
   319       19      5.944508E+01     5.033476E+01
   320       19      5.944508E+01     5.033476E+01
   321       19      5.944508E+01     5.033476E+01
   322       19      5.944508E+01     5.033476E+01
   323       19      5.944508E+01     5.033476E+01
   324       19      5.944508E+01     5.033476E+01
   325       19      5.944508E+01     5.033476E+01
   326       19      5.944508E+01     5.033476E+01
   327       19      5.944508E+01     5.033476E+01
   328       19      5.944508E+01     5.033476E+01
   329       19      5.944508E+01     5.033476E+01
   330       19      5.944508E+01     5.033476E+01
   331       19      5.944508E+01     5.033476E+01
   332       19      5.944508E+01     5.033476E+01
   333       19      5.944508E+01     5.033476E+01
   334       19      5.944508E+01     5.033476E+01
   335       19      5.944508E+01     5.033476E+01
   336       19      5.944508E+01     5.033476E+01
   337       19      5.944508E+01     5.033476E+01
   338       19      5.944508E+01     5.033476E+01
   339       19      5.944508E+01     5.033476E+01
   340       19      5.944508E+01     5.033476E+01
   341       19      5.944508E+01     5.033476E+01
   342       19      5.944508E+01     5.033476E+01
   343       19      5.944508E+01     5.033476E+01
   344       19      5.944508E+01     5.033476E+01
   345       19      5.944508E+01     5.033476E+01
   346       19      5.944508E+01     5.033476E+01
   347       19      5.944508E+01     5.033476E+01
   348       19      5.944508E+01     5.033476E+01
   349       19      5.944508E+01     5.033476E+01
   350       19      5.944508E+01     5.033476E+01
   351       19      5.944508E+01     5.033476E+01
   352       19      5.944508E+01     5.033476E+01
   353       19      5.944508E+01     5.033476E+01
   354       19      5.944508E+01     5.033476E+01
   355       19      5.944508E+01     5.033476E+01
   356       19      5.944508E+01     5.033476E+01
   357       19      5.944508E+01     5.033476E+01
   358       19      5.944508E+01     5.033476E+01
   359       19      5.944508E+01     5.033476E+01
   360       19      5.944508E+01     5.033476E+01
   361       19      5.944508E+01     5.033476E+01
   362       19      5.944508E+01     5.033476E+01
   363       19      5.944508E+01     5.033476E+01
   364       19      5.944508E+01     5.033476E+01
   365       19      5.944508E+01     5.033476E+01
   366       19      5.944508E+01     5.033476E+01
   367       19      5.944508E+01     5.033476E+01
   368       19      5.944508E+01     5.033476E+01
   369       19      5.944508E+01     5.033476E+01
   370       19      5.944508E+01     5.033476E+01
   371       19      5.944508E+01     5.033476E+01
   372       19      5.944508E+01     5.033476E+01
   373       19      5.944508E+01     5.033476E+01
   374       19      5.944508E+01     5.033476E+01
   375       19      5.944508E+01     5.033476E+01
   376       19      5.944508E+01     5.033476E+01
   377       19      5.944508E+01     5.033476E+01
   378       19      5.944508E+01     5.033476E+01
   379       19      5.944508E+01     5.033476E+01
   380       19      5.944508E+01     5.033476E+01
   381       19      5.944508E+01     5.033476E+01
   382       19      5.944508E+01     5.033476E+01
   383       19      5.944508E+01     5.033476E+01
   384       19      5.944508E+01     5.033476E+01
   385       19      5.944508E+01     5.033476E+01
   386       19      5.944508E+01     5.033476E+01
   387       19      5.944508E+01     5.033476E+01
   388       19      5.944508E+01     5.033476E+01
   389       19      5.944508E+01     5.033476E+01
   390       19      5.944508E+01     5.033476E+01
   391       19      5.944508E+01     5.033476E+01
   392       19      5.944508E+01     5.033476E+01
   393       19      5.944508E+01     5.033476E+01
   394       19      5.944508E+01     5.033476E+01
   395       19      5.944508E+01     5.033476E+01
   396       19      5.944508E+01     5.033476E+01
   397       19      5.944508E+01     5.033476E+01
   398       19      5.944508E+01     5.033476E+01
   399       19      5.944508E+01     5.033476E+01
   400       19      5.944508E+01     5.033476E+01
   401       19      5.944508E+01     5.033476E+01
   402       19      5.944508E+01     5.033476E+01
   403       19      5.944508E+01     5.033476E+01
   404       19      5.944508E+01     5.033476E+01
   405       19      5.944508E+01     5.033476E+01
   406       19      5.944508E+01     5.033476E+01
   407       19      5.944508E+01     5.033476E+01
   408       19      5.944508E+01     5.033476E+01
   409       19      5.944508E+01     5.033476E+01
   410       19      5.944508E+01     5.033476E+01
   411       19      5.944508E+01     5.033476E+01
   412       19      5.944508E+01     5.033476E+01
   413       19      5.944508E+01     5.033476E+01
   414       19      5.944508E+01     5.033476E+01
   415       19      5.944508E+01     5.033476E+01
   416       19      5.944508E+01     5.033476E+01
   417       19      5.944508E+01     5.033476E+01
   418       19      5.944508E+01     5.033476E+01
   419       19      5.944508E+01     5.033476E+01
   420       19      5.944508E+01     5.033476E+01
   421       19      5.944508E+01     5.033476E+01
   422       19      5.944508E+01     5.033476E+01
   423       19      5.944508E+01     5.033476E+01
   424       19      5.944508E+01     5.033476E+01
   425       19      5.944508E+01     5.033476E+01
   426       19      5.944508E+01     5.033476E+01
   427       19      5.944508E+01     5.033476E+01
   428       19      5.944508E+01     5.033476E+01
   429       19      5.944508E+01     5.033476E+01
   430       19      5.944508E+01     5.033476E+01
   431       19      5.944508E+01     5.033476E+01
   432       19      5.944508E+01     5.033476E+01
   433       19      5.944508E+01     5.033476E+01
   434       19      5.944508E+01     5.033476E+01
   435       19      5.944508E+01     5.033476E+01
   436       19      5.944508E+01     5.033476E+01
   437       19      5.944508E+01     5.033476E+01
   438       19      5.944508E+01     5.033476E+01
   439       19      5.944508E+01     5.033476E+01
   440       19      5.944508E+01     5.033476E+01
   441       19      5.944508E+01     5.033476E+01
   442       19      5.944508E+01     5.033476E+01
   443       19      5.944508E+01     5.033476E+01
   444       19      5.944508E+01     5.033476E+01
   445       19      5.944508E+01     5.033476E+01
   446       19      5.944508E+01     5.033476E+01
   447       19      5.944508E+01     5.033476E+01
   448       19      5.944508E+01     5.033476E+01
   449       19      5.944508E+01     5.033476E+01
   450       19      5.944508E+01     5.033476E+01
   451       19      5.944508E+01     5.033476E+01
   452       19      5.944508E+01     5.033476E+01
   453       19      5.944508E+01     5.033476E+01
   454       19      5.944508E+01     5.033476E+01
   455       19      5.944508E+01     5.033476E+01
   456       19      5.944508E+01     5.033476E+01
   457       19      5.944508E+01     5.033476E+01
   458       19      5.944508E+01     5.033476E+01
   459       19      5.944508E+01     5.033476E+01
   460       19      5.944508E+01     5.033476E+01
   461       19      5.944508E+01     5.033476E+01
   462       19      5.944508E+01     5.033476E+01
   463       19      5.944508E+01     5.033476E+01
   464       19      5.944508E+01     5.033476E+01
   465       19      5.944508E+01     5.033476E+01
   466       19      5.944508E+01     5.033476E+01
   467       19      5.944508E+01     5.033476E+01
   468       19      5.944508E+01     5.033476E+01
   469       19      5.944508E+01     5.033476E+01
   470       19      5.944508E+01     5.033476E+01
   471       19      5.944508E+01     5.033476E+01
   472       19      5.944508E+01     5.033476E+01
   473       19      5.944508E+01     5.033476E+01
   474       19      5.944508E+01     5.033476E+01
   475       19      5.944508E+01     5.033476E+01
   476       19      5.944508E+01     5.033476E+01
   477       19      5.944508E+01     5.033476E+01
   478       19      5.944508E+01     5.033476E+01
   479       19      5.944508E+01     5.033476E+01
   480       19      5.944508E+01     5.033476E+01
   481       19      5.944508E+01     5.033476E+01
   482       19      5.944508E+01     5.033476E+01
   483       19      5.944508E+01     5.033476E+01
   484       19      5.944508E+01     5.033476E+01
   485       19      5.944508E+01     5.033476E+01
   486       19      5.944508E+01     5.033476E+01
   487       19      5.944508E+01     5.033476E+01
   488       19      5.944508E+01     5.033476E+01
   489       19      5.944508E+01     5.033476E+01
   490       19      5.944508E+01     5.033476E+01
   491       19      5.944508E+01     5.033476E+01
   492       19      5.944508E+01     5.033476E+01
   493       19      5.944508E+01     5.033476E+01
   494       19      5.944508E+01     5.033476E+01
   495       19      5.944508E+01     5.033476E+01
   496       19      5.944508E+01     5.033476E+01
   497       19      5.944508E+01     5.033476E+01
   498       19      5.944508E+01     5.033476E+01
   499       19      5.944508E+01     5.033476E+01
   500       19      5.944508E+01     5.033476E+01
   501       19      5.944508E+01     5.033476E+01
   502       19      5.944508E+01     5.033476E+01
   503       19      5.944508E+01     5.033476E+01
   504       19      5.944508E+01     5.033476E+01
   505       19      5.944508E+01     5.033476E+01
   506       19      5.944508E+01     5.033476E+01
   507       19      5.944508E+01     5.033476E+01
   508       19      5.944508E+01     5.033476E+01
   509       19      5.944508E+01     5.033476E+01
   510       19      5.944508E+01     5.033476E+01
   511       19      5.944508E+01     5.033476E+01
   512       19      5.944508E+01     5.033476E+01
   513       19      5.944508E+01     5.033476E+01
   514       19      5.944508E+01     5.033476E+01
   515       19      5.944508E+01     5.033476E+01
   516       19      5.944508E+01     5.033476E+01
   517       19      5.944508E+01     5.033476E+01
   518       19      5.944508E+01     5.033476E+01
   519       19      5.944508E+01     5.033476E+01
   520       19      5.944508E+01     5.033476E+01
   521       19      5.944508E+01     5.033476E+01
   522       19      5.944508E+01     5.033476E+01
   523       19      5.944508E+01     5.033476E+01
   524       19      5.944508E+01     5.033476E+01
   525       19      5.944508E+01     5.033476E+01
   526       19      5.944508E+01     5.033476E+01
   527       19      5.944508E+01     5.033476E+01
   528       19      5.944508E+01     5.033476E+01
   529       19      5.944508E+01     5.033476E+01
   530       19      5.944508E+01     5.033476E+01
   531       19      5.944508E+01     5.033476E+01
   532       19      5.944508E+01     5.033476E+01
   533       19      5.944508E+01     5.033476E+01
   534       19      5.944508E+01     5.033476E+01
   535       19      5.944508E+01     5.033476E+01
   536       19      5.944508E+01     5.033476E+01
   537       19      5.944508E+01     5.033476E+01
   538       19      5.944508E+01     5.033476E+01
   539       19      5.944508E+01     5.033476E+01
   540       19      5.944508E+01     5.033476E+01
   541       19      5.944508E+01     5.033476E+01
   542       19      5.944508E+01     5.033476E+01
   543       19      5.944508E+01     5.033476E+01
   544       19      5.944508E+01     5.033476E+01
   545       19      5.944508E+01     5.033476E+01
   546       19      5.944508E+01     5.033476E+01
   547       19      5.944508E+01     5.033476E+01
   548       19      5.944508E+01     5.033476E+01
   549       19      5.944508E+01     5.033476E+01
   550       19      5.944508E+01     5.033476E+01
   551       19      5.944508E+01     5.033476E+01
   552       19      5.944508E+01     5.033476E+01
   553       19      5.944508E+01     5.033476E+01
   554       19      5.944508E+01     5.033476E+01
   555       19      5.944508E+01     5.033476E+01
   556       19      5.944508E+01     5.033476E+01
   557       19      5.944508E+01     5.033476E+01
   558       19      5.944508E+01     5.033476E+01
   559       19      5.944508E+01     5.033476E+01
   560       19      5.944508E+01     5.033476E+01
   561       19      5.944508E+01     5.033476E+01
   562       19      5.944508E+01     5.033476E+01
   563       19      5.944508E+01     5.033476E+01
   564       19      5.944508E+01     5.033476E+01
   565       19      5.944508E+01     5.033476E+01
   566       19      5.944508E+01     5.033476E+01
   567       19      5.944508E+01     5.033476E+01
   568       19      5.944508E+01     5.033476E+01
   569       19      5.944508E+01     5.033476E+01
   570       19      5.944508E+01     5.033476E+01
   571       19      5.944508E+01     5.033476E+01
   572       19      5.944508E+01     5.033476E+01
   573       19      5.944508E+01     5.033476E+01
   574       19      5.944508E+01     5.033476E+01
   575       19      5.944508E+01     5.033476E+01
   576       19      5.944508E+01     5.033476E+01
   577       19      5.944508E+01     5.033476E+01
   578       19      5.944508E+01     5.033476E+01
   579       19      5.944508E+01     5.033476E+01
   580       19      5.944508E+01     5.033476E+01
   581       19      5.944508E+01     5.033476E+01
   582       19      5.944508E+01     5.033476E+01
   583       19      5.944508E+01     5.033476E+01
   584       19      5.944508E+01     5.033476E+01
   585       19      5.944508E+01     5.033476E+01
   586       19      5.944508E+01     5.033476E+01
   587       19      5.944508E+01     5.033476E+01
   588       19      5.944508E+01     5.033476E+01
   589       19      5.944508E+01     5.033476E+01
   590       19      5.944508E+01     5.033476E+01
   591       19      5.944508E+01     5.033476E+01
   592       19      5.944508E+01     5.033476E+01
   593       19      5.944508E+01     5.033476E+01
   594       19      5.944508E+01     5.033476E+01
   595       19      5.944508E+01     5.033476E+01
   596       19      5.944508E+01     5.033476E+01
   597       19      5.944508E+01     5.033476E+01
   598       19      5.944508E+01     5.033476E+01
   599       19      5.944508E+01     5.033476E+01
   600       19      5.944508E+01     5.033476E+01
   601       19      5.944508E+01     5.033476E+01
   602       19      5.944508E+01     5.033476E+01
   603       19      5.944508E+01     5.033476E+01
   604       19      5.944508E+01     5.033476E+01
   605       19      5.944508E+01     5.033476E+01
   606       19      5.944508E+01     5.033476E+01
   607       19      5.944508E+01     5.033476E+01
   608       19      5.944508E+01     5.033476E+01
   609       19      5.944508E+01     5.033476E+01
   610       19      5.944508E+01     5.033476E+01
   611       19      5.944508E+01     5.033476E+01
   612       19      5.944508E+01     5.033476E+01
   613       19      5.944508E+01     5.033476E+01
   614       19      5.944508E+01     5.033476E+01
   615       19      5.944508E+01     5.033476E+01
   616       19      5.944508E+01     5.033476E+01
   617       19      5.944508E+01     5.033476E+01
   618       19      5.944508E+01     5.033476E+01
   619       19      5.944508E+01     5.033476E+01
   620       19      5.944508E+01     5.033476E+01
   621       19      5.944508E+01     5.033476E+01
   622       19      5.944508E+01     5.033476E+01
   623       19      5.944508E+01     5.033476E+01
   624       19      5.944508E+01     5.033476E+01
   625       19      5.944508E+01     5.033476E+01
   626       19      5.944508E+01     5.033476E+01
   627       19      5.944508E+01     5.033476E+01
   628       19      5.944508E+01     5.033476E+01
   629       19      5.944508E+01     5.033476E+01
   630       19      5.944508E+01     5.033476E+01
   631       19      5.944508E+01     5.033476E+01
   632       19      5.944508E+01     5.033476E+01
   633       19      5.944508E+01     5.033476E+01
   634       19      5.944508E+01     5.033476E+01
   635       19      5.944508E+01     5.033476E+01
   636       19      5.944508E+01     5.033476E+01
   637       19      5.944508E+01     5.033476E+01
   638       19      5.944508E+01     5.033476E+01
   639       19      5.944508E+01     5.033476E+01
   640       19      5.944508E+01     5.033476E+01
   641       19      5.944508E+01     5.033476E+01
   642       19      5.944508E+01     5.033476E+01
   643       19      5.944508E+01     5.033476E+01
   644       19      5.944508E+01     5.033476E+01
   645       19      5.944508E+01     5.033476E+01
   646       19      5.944508E+01     5.033476E+01
   647       19      5.944508E+01     5.033476E+01
   648       19      5.944508E+01     5.033476E+01
   649       19      5.944508E+01     5.033476E+01
   650       19      5.944508E+01     5.033476E+01
   651       19      5.944508E+01     5.033476E+01
   652       19      5.944508E+01     5.033476E+01
   653       19      5.944508E+01     5.033476E+01
   654       19      5.944508E+01     5.033476E+01
   655       19      5.944508E+01     5.033476E+01
   656       19      5.944508E+01     5.033476E+01
   657       19      5.944508E+01     5.033476E+01
   658       19      5.944508E+01     5.033476E+01
   659       19      5.944508E+01     5.033476E+01
   660       19      5.944508E+01     5.033476E+01
   661       19      5.944508E+01     5.033476E+01
   662       19      5.944508E+01     5.033476E+01
   663       19      5.944508E+01     5.033476E+01
   664       19      5.944508E+01     5.033476E+01
   665       19      5.944508E+01     5.033476E+01
   666       19      5.944508E+01     5.033476E+01
   667       19      5.944508E+01     5.033476E+01
   668       19      5.944508E+01     5.033476E+01
   669       19      5.944508E+01     5.033476E+01
   670       19      5.944508E+01     5.033476E+01
   671       19      5.944508E+01     5.033476E+01
   672       19      5.944508E+01     5.033476E+01
   673       19      5.944508E+01     5.033476E+01
   674       19      5.944508E+01     5.033476E+01
   675       19      5.944508E+01     5.033476E+01
   676       19      5.944508E+01     5.033476E+01
   677       19      5.944508E+01     5.033476E+01
   678       19      5.944508E+01     5.033476E+01
   679       19      5.944508E+01     5.033476E+01
   680       19      5.944508E+01     5.033476E+01
   681       19      5.944508E+01     5.033476E+01
   682       19      5.944508E+01     5.033476E+01
   683       19      5.944508E+01     5.033476E+01
   684       19      5.944508E+01     5.033476E+01
   685       19      5.944508E+01     5.033476E+01
   686       19      5.944508E+01     5.033476E+01
   687       19      5.944508E+01     5.033476E+01
   688       19      5.944508E+01     5.033476E+01
   689       19      5.944508E+01     5.033476E+01
   690       19      5.944508E+01     5.033476E+01
   691       19      5.944508E+01     5.033476E+01
   692       19      5.944508E+01     5.033476E+01
   693       19      5.944508E+01     5.033476E+01
   694       19      5.944508E+01     5.033476E+01
   695       19      5.944508E+01     5.033476E+01
   696       19      5.944508E+01     5.033476E+01
   697       19      5.944508E+01     5.033476E+01
   698       19      5.944508E+01     5.033476E+01
   699       19      5.944508E+01     5.033476E+01
   700       19      5.944508E+01     5.033476E+01
   701       19      5.944508E+01     5.033476E+01
   702       19      5.944508E+01     5.033476E+01
   703       19      5.944508E+01     5.033476E+01
   704       19      5.944508E+01     5.033476E+01
   705       19      5.944508E+01     5.033476E+01
   706       19      5.944508E+01     5.033476E+01
   707       19      5.944508E+01     5.033476E+01
   708       19      5.944508E+01     5.033476E+01
   709       19      5.944508E+01     5.033476E+01
   710       19      5.944508E+01     5.033476E+01
   711       19      5.944508E+01     5.033476E+01
   712       19      5.944508E+01     5.033476E+01
   713       19      5.944508E+01     5.033476E+01
   714       19      5.944508E+01     5.033476E+01
   715       19      5.944508E+01     5.033476E+01
   716       19      5.944508E+01     5.033476E+01
   717       19      5.944508E+01     5.033476E+01
   718       19      5.944508E+01     5.033476E+01
   719       19      5.944508E+01     5.033476E+01
   720       19      5.944508E+01     5.033476E+01
   721       19      5.944508E+01     5.033476E+01
   722       19      5.944508E+01     5.033476E+01
   723       19      5.944508E+01     5.033476E+01
   724       19      5.944508E+01     5.033476E+01
   725       19      5.944508E+01     5.033476E+01
   726       19      5.944508E+01     5.033476E+01
   727       19      5.944508E+01     5.033476E+01
   728       19      5.944508E+01     5.033476E+01
   729       19      5.944508E+01     5.033476E+01
   730       19      5.944508E+01     5.033476E+01
   731       19      5.944508E+01     5.033476E+01
   732       19      5.944508E+01     5.033476E+01
   733       19      5.944508E+01     5.033476E+01
   734       19      5.944508E+01     5.033476E+01
   735       19      5.944508E+01     5.033476E+01
   736       19      5.944508E+01     5.033476E+01
   737       19      5.944508E+01     5.033476E+01
   738       19      5.944508E+01     5.033476E+01
   739       19      5.944508E+01     5.033476E+01
   740       19      5.944508E+01     5.033476E+01
   741       19      5.944508E+01     5.033476E+01
   742       19      5.944508E+01     5.033476E+01
   743       19      5.944508E+01     5.033476E+01
   744       19      5.944508E+01     5.033476E+01
   745       19      5.944508E+01     5.033476E+01
   746       19      5.944508E+01     5.033476E+01
   747       19      5.944508E+01     5.033476E+01
   748       19      5.944508E+01     5.033476E+01
   749       19      5.944508E+01     5.033476E+01
   750       19      5.944508E+01     5.033476E+01
   751       19      5.944508E+01     5.033476E+01
   752       19      5.944508E+01     5.033476E+01
   753       19      5.944508E+01     5.033476E+01
   754       19      5.944508E+01     5.033476E+01
   755       19      5.944508E+01     5.033476E+01
   756       19      5.944508E+01     5.033476E+01
   757       19      5.944508E+01     5.033476E+01
   758       19      5.944508E+01     5.033476E+01
   759       19      5.944508E+01     5.033476E+01
   760       19      5.944508E+01     5.033476E+01
   761       19      5.944508E+01     5.033476E+01
   762       19      5.944508E+01     5.033476E+01
   763       19      5.944508E+01     5.033476E+01
   764       19      5.944508E+01     5.033476E+01
   765       19      5.944508E+01     5.033476E+01
   766       19      5.944508E+01     5.033476E+01
   767       19      5.944508E+01     5.033476E+01
   768       19      5.944508E+01     5.033476E+01
   769       19      5.944508E+01     5.033476E+01
   770       19      5.944508E+01     5.033476E+01
   771       19      5.944508E+01     5.033476E+01
   772       19      5.944508E+01     5.033476E+01
   773       19      5.944508E+01     5.033476E+01
   774       19      5.944508E+01     5.033476E+01
   775       19      5.944508E+01     5.033476E+01
   776       19      5.944508E+01     5.033476E+01
   777       19      5.944508E+01     5.033476E+01
   778       19      5.944508E+01     5.033476E+01
   779       19      5.944508E+01     5.033476E+01
   780       19      5.944508E+01     5.033476E+01
   781       19      5.944508E+01     5.033476E+01
   782       19      5.944508E+01     5.033476E+01
   783       19      5.944508E+01     5.033476E+01
   784       19      5.944508E+01     5.033476E+01
   785       19      5.944508E+01     5.033476E+01
   786       19      5.944508E+01     5.033476E+01
   787       19      5.944508E+01     5.033476E+01
   788       19      5.944508E+01     5.033476E+01
   789       19      5.944508E+01     5.033476E+01
   790       19      5.944508E+01     5.033476E+01
   791       19      5.944508E+01     5.033476E+01
   792       19      5.944508E+01     5.033476E+01
   793       19      5.944508E+01     5.033476E+01
   794       19      5.944508E+01     5.033476E+01
   795       19      5.944508E+01     5.033476E+01
   796       19      5.944508E+01     5.033476E+01
   797       19      5.944508E+01     5.033476E+01
   798       19      5.944508E+01     5.033476E+01
   799       19      5.944508E+01     5.033476E+01
   800       19      5.944508E+01     5.033476E+01
   801       19      5.944508E+01     5.033476E+01
   802       19      5.944508E+01     5.033476E+01
   803       19      5.944508E+01     5.033476E+01
   804       19      5.944508E+01     5.033476E+01
   805       19      5.944508E+01     5.033476E+01
   806       19      5.944508E+01     5.033476E+01
   807       19      5.944508E+01     5.033476E+01
   808       19      5.944508E+01     5.033476E+01
   809       19      5.944508E+01     5.033476E+01
   810       19      5.944508E+01     5.033476E+01
   811       19      5.944508E+01     5.033476E+01
   812       19      5.944508E+01     5.033476E+01
   813       19      5.944508E+01     5.033476E+01
   814       19      5.944508E+01     5.033476E+01
   815       19      5.944508E+01     5.033476E+01
   816       19      5.944508E+01     5.033476E+01
   817       19      5.944508E+01     5.033476E+01
   818       19      5.944508E+01     5.033476E+01
   819       19      5.944508E+01     5.033476E+01
   820       19      5.944508E+01     5.033476E+01
   821       19      5.944508E+01     5.033476E+01
   822       19      5.944508E+01     5.033476E+01
   823       19      5.944508E+01     5.033476E+01
   824       19      5.944508E+01     5.033476E+01
   825       19      5.944508E+01     5.033476E+01
   826       19      5.944508E+01     5.033476E+01
   827       19      5.944508E+01     5.033476E+01
   828       19      5.944508E+01     5.033476E+01
   829       19      5.944508E+01     5.033476E+01
   830       19      5.944508E+01     5.033476E+01
   831       19      5.944508E+01     5.033476E+01
   832       19      5.944508E+01     5.033476E+01
   833       19      5.944508E+01     5.033476E+01
   834       19      5.944508E+01     5.033476E+01
   835       19      5.944508E+01     5.033476E+01
   836       19      5.944508E+01     5.033476E+01
   837       19      5.944508E+01     5.033476E+01
   838       19      5.944508E+01     5.033476E+01
   839       19      5.944508E+01     5.033476E+01
   840       19      5.944508E+01     5.033476E+01
   841       19      5.944508E+01     5.033476E+01
   842       19      5.944508E+01     5.033476E+01
   843       19      5.944508E+01     5.033476E+01
   844       19      5.944508E+01     5.033476E+01
   845       19      5.944508E+01     5.033476E+01
   846       19      5.944508E+01     5.033476E+01
   847       19      5.944508E+01     5.033476E+01
   848       19      5.944508E+01     5.033476E+01
   849       19      5.944508E+01     5.033476E+01
   850       19      5.944508E+01     5.033476E+01
   851       19      5.944508E+01     5.033476E+01
   852       19      5.944508E+01     5.033476E+01
   853       19      5.944508E+01     5.033476E+01
   854       19      5.944508E+01     5.033476E+01
   855       19      5.944508E+01     5.033476E+01
   856       19      5.944508E+01     5.033476E+01
   857       19      5.944508E+01     5.033476E+01
   858       19      5.944508E+01     5.033476E+01
   859       19      5.944508E+01     5.033476E+01
   860       19      5.944508E+01     5.033476E+01
   861       19      5.944508E+01     5.033476E+01
   862       19      5.944508E+01     5.033476E+01
   863       19      5.944508E+01     5.033476E+01
   864       19      5.944508E+01     5.033476E+01
   865       19      5.944508E+01     5.033476E+01
   866       19      5.944508E+01     5.033476E+01
   867       19      5.944508E+01     5.033476E+01
   868       19      5.944508E+01     5.033476E+01
   869       19      5.944508E+01     5.033476E+01
   870       19      5.944508E+01     5.033476E+01
   871       19      5.944508E+01     5.033476E+01
   872       19      5.944508E+01     5.033476E+01
   873       19      5.944508E+01     5.033476E+01
   874       19      5.944508E+01     5.033476E+01
   875       19      5.944508E+01     5.033476E+01
   876       19      5.944508E+01     5.033476E+01
   877       19      5.944508E+01     5.033476E+01
   878       19      5.944508E+01     5.033476E+01
   879       19      5.944508E+01     5.033476E+01
   880       19      5.944508E+01     5.033476E+01
   881       19      5.944508E+01     5.033476E+01
   882       19      5.944508E+01     5.033476E+01
   883       19      5.944508E+01     5.033476E+01
   884       19      5.944508E+01     5.033476E+01
   885       19      5.944508E+01     5.033476E+01
   886       19      5.944508E+01     5.033476E+01
   887       19      5.944508E+01     5.033476E+01
   888       19      5.944508E+01     5.033476E+01
   889       19      5.944508E+01     5.033476E+01
   890       19      5.944508E+01     5.033476E+01
   891       19      5.944508E+01     5.033476E+01
   892       19      5.944508E+01     5.033476E+01
   893       19      5.944508E+01     5.033476E+01
   894       19      5.944508E+01     5.033476E+01
   895       19      5.944508E+01     5.033476E+01
   896       19      5.944508E+01     5.033476E+01
   897       19      5.944508E+01     5.033476E+01
   898       19      5.944508E+01     5.033476E+01
   899       19      5.944508E+01     5.033476E+01
   900       19      5.944508E+01     5.033476E+01
   901       19      5.944508E+01     5.033476E+01
   902       19      5.944508E+01     5.033476E+01
   903       19      5.944508E+01     5.033476E+01
   904       19      5.944508E+01     5.033476E+01
   905       19      5.944508E+01     5.033476E+01
   906       19      5.944508E+01     5.033476E+01
   907       19      5.944508E+01     5.033476E+01
   908       19      5.944508E+01     5.033476E+01
   909       19      5.944508E+01     5.033476E+01
   910       19      5.944508E+01     5.033476E+01
   911       19      5.944508E+01     5.033476E+01
   912       19      5.944508E+01     5.033476E+01
   913       19      5.944508E+01     5.033476E+01
   914       19      5.944508E+01     5.033476E+01
   915       19      5.944508E+01     5.033476E+01
   916       19      5.944508E+01     5.033476E+01
   917       19      5.944508E+01     5.033476E+01
   918       19      5.944508E+01     5.033476E+01
   919       19      5.944508E+01     5.033476E+01
   920       19      5.944508E+01     5.033476E+01
   921       19      5.944508E+01     5.033476E+01
   922       19      5.944508E+01     5.033476E+01
   923       19      5.944508E+01     5.033476E+01
   924       19      5.944508E+01     5.033476E+01
   925       19      5.944508E+01     5.033476E+01
   926       19      5.944508E+01     5.033476E+01
   927       19      5.944508E+01     5.033476E+01
   928       19      5.944508E+01     5.033476E+01
   929       19      5.944508E+01     5.033476E+01
   930       19      5.944508E+01     5.033476E+01
   931       19      5.944508E+01     5.033476E+01
   932       19      5.944508E+01     5.033476E+01
   933       19      5.944508E+01     5.033476E+01
   934       19      5.944508E+01     5.033476E+01
   935       19      5.944508E+01     5.033476E+01
   936       19      5.944508E+01     5.033476E+01
   937       19      5.944508E+01     5.033476E+01
   938       19      5.944508E+01     5.033476E+01
   939       19      5.944508E+01     5.033476E+01
   940       19      5.944508E+01     5.033476E+01
   941       19      5.944508E+01     5.033476E+01
   942       19      5.944508E+01     5.033476E+01
   943       19      5.944508E+01     5.033476E+01
   944       19      5.944508E+01     5.033476E+01
   945       19      5.944508E+01     5.033476E+01
   946       19      5.944508E+01     5.033476E+01
   947       19      5.944508E+01     5.033476E+01
   948       19      5.944508E+01     5.033476E+01
   949       19      5.944508E+01     5.033476E+01
   950       19      5.944508E+01     5.033476E+01
   951       19      5.944508E+01     5.033476E+01
   952       19      5.944508E+01     5.033476E+01
   953       19      5.944508E+01     5.033476E+01
   954       19      5.944508E+01     5.033476E+01
   955       19      5.944508E+01     5.033476E+01
   956       19      5.944508E+01     5.033476E+01
   957       19      5.944508E+01     5.033476E+01
   958       19      5.944508E+01     5.033476E+01
   959       19      5.944508E+01     5.033476E+01
   960       19      5.944508E+01     5.033476E+01
   961       19      5.944508E+01     5.033476E+01
   962       19      5.944508E+01     5.033476E+01
   963       19      5.944508E+01     5.033476E+01
   964       19      5.944508E+01     5.033476E+01
   965       19      5.944508E+01     5.033476E+01
   966       19      5.944508E+01     5.033476E+01
   967       19      5.944508E+01     5.033476E+01
   968       19      5.944508E+01     5.033476E+01
   969       19      5.944508E+01     5.033476E+01
   970       19      5.944508E+01     5.033476E+01
   971       19      5.944508E+01     5.033476E+01
   972       19      5.944508E+01     5.033476E+01
   973       19      5.944508E+01     5.033476E+01
   974       19      5.944508E+01     5.033476E+01
   975       19      5.944508E+01     5.033476E+01
   976       19      5.944508E+01     5.033476E+01
   977       19      5.944508E+01     5.033476E+01
   978       19      5.944508E+01     5.033476E+01
   979       19      5.944508E+01     5.033476E+01
   980       19      5.944508E+01     5.033476E+01
   981       19      5.944508E+01     5.033476E+01
   982       19      5.944508E+01     5.033476E+01
   983       19      5.944508E+01     5.033476E+01
   984       19      5.944508E+01     5.033476E+01
   985       19      5.944508E+01     5.033476E+01
   986       19      5.944508E+01     5.033476E+01
   987       19      5.944508E+01     5.033476E+01
   988       19      5.944508E+01     5.033476E+01
   989       19      5.944508E+01     5.033476E+01
   990       19      5.944508E+01     5.033476E+01
   991       19      5.944508E+01     5.033476E+01
   992       19      5.944508E+01     5.033476E+01
   993       19      5.944508E+01     5.033476E+01
   994       19      5.944508E+01     5.033476E+01
   995       19      5.944508E+01     5.033476E+01
   996       19      5.944508E+01     5.033476E+01
   997       19      5.944508E+01     5.033476E+01
   998       19      5.944508E+01     5.033476E+01
   999       19      5.944508E+01     5.033476E+01
  1000       19      5.944508E+01     5.033476E+01
  1001       19      5.944508E+01     5.033476E+01
 --------------------------------------------------
