 1.000000E+00  2.739290E+00
 1.191919E+00  2.755277E+00
 1.383838E+00  2.771684E+00
 1.575758E+00  2.788502E+00
 1.767677E+00  2.805716E+00
 1.959596E+00  2.823317E+00
 2.151515E+00  2.841293E+00
 2.343434E+00  2.859631E+00
 2.535354E+00  2.878320E+00
 2.727273E+00  2.897349E+00
 2.919192E+00  2.916705E+00
 3.111111E+00  2.936378E+00
 3.303030E+00  2.956354E+00
 3.494949E+00  2.976624E+00
 3.686869E+00  2.997174E+00
 3.878788E+00  3.017993E+00
 4.070707E+00  3.039070E+00
 4.262626E+00  3.060393E+00
 4.454545E+00  3.081950E+00
 4.646465E+00  3.103730E+00
 4.838384E+00  3.125720E+00
 5.030303E+00  3.147910E+00
 5.222222E+00  3.170287E+00
 5.414141E+00  3.192840E+00
 5.606061E+00  3.215557E+00
 5.797980E+00  3.238426E+00
 5.989899E+00  3.261436E+00
 6.181818E+00  3.284575E+00
 6.373737E+00  3.307831E+00
 6.565657E+00  3.331193E+00
 6.757576E+00  3.354648E+00
 6.949495E+00  3.378187E+00
 7.141414E+00  3.401795E+00
 7.333333E+00  3.425463E+00
 7.525253E+00  3.449177E+00
 7.717172E+00  3.472928E+00
 7.909091E+00  3.496702E+00
 8.101010E+00  3.520488E+00
 8.292929E+00  3.544275E+00
 8.484848E+00  3.568050E+00
 8.676768E+00  3.591802E+00
 8.868687E+00  3.615520E+00
 9.060606E+00  3.639192E+00
 9.252525E+00  3.662805E+00
 9.444444E+00  3.686349E+00
 9.636364E+00  3.709812E+00
 9.828283E+00  3.733181E+00
 1.002020E+01  3.756446E+00
 1.021212E+01  3.779594E+00
 1.040404E+01  3.802615E+00
 1.059596E+01  3.825495E+00
 1.078788E+01  3.848224E+00
 1.097980E+01  3.870790E+00
 1.117172E+01  3.893181E+00
 1.136364E+01  3.915385E+00
 1.155556E+01  3.937391E+00
 1.174747E+01  3.959187E+00
 1.193939E+01  3.980762E+00
 1.213131E+01  4.002103E+00
 1.232323E+01  4.023200E+00
 1.251515E+01  4.044039E+00
 1.270707E+01  4.064610E+00
 1.289899E+01  4.084902E+00
 1.309091E+01  4.104901E+00
 1.328283E+01  4.124597E+00
 1.347475E+01  4.143978E+00
 1.366667E+01  4.163033E+00
 1.385859E+01  4.181748E+00
 1.405051E+01  4.200114E+00
 1.424242E+01  4.218118E+00
 1.443434E+01  4.235748E+00
 1.462626E+01  4.252993E+00
 1.481818E+01  4.269841E+00
 1.501010E+01  4.286280E+00
 1.520202E+01  4.302299E+00
 1.539394E+01  4.317887E+00
 1.558586E+01  4.333030E+00
 1.577778E+01  4.347718E+00
 1.596970E+01  4.361939E+00
 1.616162E+01  4.375682E+00
 1.635354E+01  4.388934E+00
 1.654545E+01  4.401684E+00
 1.673737E+01  4.413920E+00
 1.692929E+01  4.425631E+00
 1.712121E+01  4.436804E+00
 1.731313E+01  4.447429E+00
 1.750505E+01  4.457493E+00
 1.769697E+01  4.466985E+00
 1.788889E+01  4.475893E+00
 1.808081E+01  4.484205E+00
 1.827273E+01  4.491910E+00
 1.846465E+01  4.498996E+00
 1.865657E+01  4.505452E+00
 1.884848E+01  4.511265E+00
 1.904040E+01  4.516424E+00
 1.923232E+01  4.520917E+00
 1.942424E+01  4.524733E+00
 1.961616E+01  4.527860E+00
 1.980808E+01  4.530286E+00
 2.000000E+01  4.532000E+00
 1.000000E+00  2.606884E+00
 1.202020E+00  2.625544E+00
 1.404040E+00  2.644587E+00
 1.606061E+00  2.664001E+00
 1.808081E+00  2.683776E+00
 2.010101E+00  2.703899E+00
 2.212121E+00  2.724360E+00
 2.414141E+00  2.745148E+00
 2.616162E+00  2.766250E+00
 2.818182E+00  2.787656E+00
 3.020202E+00  2.809353E+00
 3.222222E+00  2.831332E+00
 3.424242E+00  2.853580E+00
 3.626263E+00  2.876087E+00
 3.828283E+00  2.898840E+00
 4.030303E+00  2.921828E+00
 4.232323E+00  2.945041E+00
 4.434343E+00  2.968466E+00
 4.636364E+00  2.992093E+00
 4.838384E+00  3.015910E+00
 5.040404E+00  3.039905E+00
 5.242424E+00  3.064068E+00
 5.444444E+00  3.088387E+00
 5.646465E+00  3.112850E+00
 5.848485E+00  3.137447E+00
 6.050505E+00  3.162166E+00
 6.252525E+00  3.186995E+00
 6.454545E+00  3.211924E+00
 6.656566E+00  3.236940E+00
 6.858586E+00  3.262033E+00
 7.060606E+00  3.287191E+00
 7.262626E+00  3.312403E+00
 7.464646E+00  3.337658E+00
 7.666667E+00  3.362944E+00
 7.868687E+00  3.388250E+00
 8.070707E+00  3.413564E+00
 8.272727E+00  3.438875E+00
 8.474747E+00  3.464172E+00
 8.676768E+00  3.489443E+00
 8.878788E+00  3.514678E+00
 9.080808E+00  3.539864E+00
 9.282828E+00  3.564991E+00
 9.484848E+00  3.590046E+00
 9.686869E+00  3.615020E+00
 9.888889E+00  3.639899E+00
 1.009091E+01  3.664674E+00
 1.029293E+01  3.689332E+00
 1.049495E+01  3.713863E+00
 1.069697E+01  3.738255E+00
 1.089899E+01  3.762496E+00
 1.110101E+01  3.786575E+00
 1.130303E+01  3.810482E+00
 1.150505E+01  3.834203E+00
 1.170707E+01  3.857730E+00
 1.190909E+01  3.881048E+00
 1.211111E+01  3.904149E+00
 1.231313E+01  3.927020E+00
 1.251515E+01  3.949649E+00
 1.271717E+01  3.972026E+00
 1.291919E+01  3.994139E+00
 1.312121E+01  4.015977E+00
 1.332323E+01  4.037528E+00
 1.352525E+01  4.058781E+00
 1.372727E+01  4.079725E+00
 1.392929E+01  4.100349E+00
 1.413131E+01  4.120640E+00
 1.433333E+01  4.140588E+00
 1.453535E+01  4.160182E+00
 1.473737E+01  4.179409E+00
 1.493939E+01  4.198259E+00
 1.514141E+01  4.216720E+00
 1.534343E+01  4.234782E+00
 1.554545E+01  4.252431E+00
 1.574747E+01  4.269659E+00
 1.594949E+01  4.286452E+00
 1.615152E+01  4.302799E+00
 1.635354E+01  4.318690E+00
 1.655556E+01  4.334113E+00
 1.675758E+01  4.349056E+00
 1.695960E+01  4.363508E+00
 1.716162E+01  4.377458E+00
 1.736364E+01  4.390895E+00
 1.756566E+01  4.403806E+00
 1.776768E+01  4.416182E+00
 1.796970E+01  4.428009E+00
 1.817172E+01  4.439278E+00
 1.837374E+01  4.449977E+00
 1.857576E+01  4.460094E+00
 1.877778E+01  4.469618E+00
 1.897980E+01  4.478538E+00
 1.918182E+01  4.486842E+00
 1.938384E+01  4.494519E+00
 1.958586E+01  4.501557E+00
 1.978788E+01  4.507946E+00
 1.998990E+01  4.513674E+00
 2.019192E+01  4.518729E+00
 2.039394E+01  4.523101E+00
 2.059596E+01  4.526778E+00
 2.079798E+01  4.529748E+00
 2.100000E+01  4.532000E+00
 1.000000E+00  2.530887E+00
 1.212121E+00  2.547468E+00
 1.424242E+00  2.564550E+00
 1.636364E+00  2.582120E+00
 1.848485E+00  2.600164E+00
 2.060606E+00  2.618669E+00
 2.272727E+00  2.637622E+00
 2.484848E+00  2.657011E+00
 2.696970E+00  2.676821E+00
 2.909091E+00  2.697040E+00
 3.121212E+00  2.717653E+00
 3.333333E+00  2.738650E+00
 3.545455E+00  2.760014E+00
 3.757576E+00  2.781735E+00
 3.969697E+00  2.803798E+00
 4.181818E+00  2.826191E+00
 4.393939E+00  2.848899E+00
 4.606061E+00  2.871911E+00
 4.818182E+00  2.895212E+00
 5.030303E+00  2.918790E+00
 5.242424E+00  2.942631E+00
 5.454545E+00  2.966722E+00
 5.666667E+00  2.991050E+00
 5.878788E+00  3.015602E+00
 6.090909E+00  3.040365E+00
 6.303030E+00  3.065324E+00
 6.515152E+00  3.090468E+00
 6.727273E+00  3.115783E+00
 6.939394E+00  3.141255E+00
 7.151515E+00  3.166872E+00
 7.363636E+00  3.192620E+00
 7.575758E+00  3.218487E+00
 7.787879E+00  3.244458E+00
 8.000000E+00  3.270521E+00
 8.212121E+00  3.296663E+00
 8.424242E+00  3.322870E+00
 8.636364E+00  3.349129E+00
 8.848485E+00  3.375427E+00
 9.060606E+00  3.401751E+00
 9.272727E+00  3.428087E+00
 9.484848E+00  3.454423E+00
 9.696970E+00  3.480744E+00
 9.909091E+00  3.507039E+00
 1.012121E+01  3.533293E+00
 1.033333E+01  3.559494E+00
 1.054545E+01  3.585629E+00
 1.075758E+01  3.611683E+00
 1.096970E+01  3.637644E+00
 1.118182E+01  3.663500E+00
 1.139394E+01  3.689235E+00
 1.160606E+01  3.714838E+00
 1.181818E+01  3.740295E+00
 1.203030E+01  3.765593E+00
 1.224242E+01  3.790719E+00
 1.245455E+01  3.815659E+00
 1.266667E+01  3.840401E+00
 1.287879E+01  3.864931E+00
 1.309091E+01  3.889236E+00
 1.330303E+01  3.913302E+00
 1.351515E+01  3.937117E+00
 1.372727E+01  3.960668E+00
 1.393939E+01  3.983940E+00
 1.415152E+01  4.006922E+00
 1.436364E+01  4.029599E+00
 1.457576E+01  4.051959E+00
 1.478788E+01  4.073988E+00
 1.500000E+01  4.095673E+00
 1.521212E+01  4.117002E+00
 1.542424E+01  4.137960E+00
 1.563636E+01  4.158534E+00
 1.584848E+01  4.178712E+00
 1.606061E+01  4.198480E+00
 1.627273E+01  4.217825E+00
 1.648485E+01  4.236734E+00
 1.669697E+01  4.255193E+00
 1.690909E+01  4.273190E+00
 1.712121E+01  4.290711E+00
 1.733333E+01  4.307743E+00
 1.754545E+01  4.324272E+00
 1.775758E+01  4.340286E+00
 1.796970E+01  4.355772E+00
 1.818182E+01  4.370716E+00
 1.839394E+01  4.385104E+00
 1.860606E+01  4.398925E+00
 1.881818E+01  4.412164E+00
 1.903030E+01  4.424808E+00
 1.924242E+01  4.436844E+00
 1.945455E+01  4.448260E+00
 1.966667E+01  4.459041E+00
 1.987879E+01  4.469175E+00
 2.009091E+01  4.478648E+00
 2.030303E+01  4.487447E+00
 2.051515E+01  4.495560E+00
 2.072727E+01  4.502972E+00
 2.093939E+01  4.509670E+00
 2.115152E+01  4.515642E+00
 2.136364E+01  4.520874E+00
 2.157576E+01  4.525354E+00
 2.178788E+01  4.529066E+00
 2.200000E+01  4.532000E+00
 1.000000E+00  2.341589E+00
 1.222222E+00  2.363909E+00
 1.444444E+00  2.386576E+00
 1.666667E+00  2.409578E+00
 1.888889E+00  2.432905E+00
 2.111111E+00  2.456546E+00
 2.333333E+00  2.480490E+00
 2.555556E+00  2.504726E+00
 2.777778E+00  2.529243E+00
 3.000000E+00  2.554031E+00
 3.222222E+00  2.579079E+00
 3.444444E+00  2.604375E+00
 3.666667E+00  2.629909E+00
 3.888889E+00  2.655671E+00
 4.111111E+00  2.681649E+00
 4.333333E+00  2.707832E+00
 4.555556E+00  2.734210E+00
 4.777778E+00  2.760772E+00
 5.000000E+00  2.787507E+00
 5.222222E+00  2.814404E+00
 5.444444E+00  2.841452E+00
 5.666667E+00  2.868641E+00
 5.888889E+00  2.895959E+00
 6.111111E+00  2.923397E+00
 6.333333E+00  2.950942E+00
 6.555556E+00  2.978584E+00
 6.777778E+00  3.006313E+00
 7.000000E+00  3.034117E+00
 7.222222E+00  3.061986E+00
 7.444444E+00  3.089908E+00
 7.666667E+00  3.117874E+00
 7.888889E+00  3.145872E+00
 8.111111E+00  3.173891E+00
 8.333333E+00  3.201920E+00
 8.555556E+00  3.229949E+00
 8.777778E+00  3.257967E+00
 9.000000E+00  3.285963E+00
 9.222222E+00  3.313926E+00
 9.444444E+00  3.341846E+00
 9.666667E+00  3.369710E+00
 9.888889E+00  3.397510E+00
 1.011111E+01  3.425233E+00
 1.033333E+01  3.452869E+00
 1.055556E+01  3.480407E+00
 1.077778E+01  3.507837E+00
 1.100000E+01  3.535147E+00
 1.122222E+01  3.562326E+00
 1.144444E+01  3.589364E+00
 1.166667E+01  3.616251E+00
 1.188889E+01  3.642974E+00
 1.211111E+01  3.669524E+00
 1.233333E+01  3.695889E+00
 1.255556E+01  3.722059E+00
 1.277778E+01  3.748022E+00
 1.300000E+01  3.773768E+00
 1.322222E+01  3.799287E+00
 1.344444E+01  3.824567E+00
 1.366667E+01  3.849597E+00
 1.388889E+01  3.874367E+00
 1.411111E+01  3.898865E+00
 1.433333E+01  3.923082E+00
 1.455556E+01  3.947005E+00
 1.477778E+01  3.970625E+00
 1.500000E+01  3.993930E+00
 1.522222E+01  4.016910E+00
 1.544444E+01  4.039553E+00
 1.566667E+01  4.061850E+00
 1.588889E+01  4.083788E+00
 1.611111E+01  4.105358E+00
 1.633333E+01  4.126548E+00
 1.655556E+01  4.147348E+00
 1.677778E+01  4.167746E+00
 1.700000E+01  4.187733E+00
 1.722222E+01  4.207296E+00
 1.744444E+01  4.226426E+00
 1.766667E+01  4.245111E+00
 1.788889E+01  4.263340E+00
 1.811111E+01  4.281104E+00
 1.833333E+01  4.298390E+00
 1.855556E+01  4.315188E+00
 1.877778E+01  4.331488E+00
 1.900000E+01  4.347278E+00
 1.922222E+01  4.362547E+00
 1.944444E+01  4.377285E+00
 1.966667E+01  4.391481E+00
 1.988889E+01  4.405125E+00
 2.011111E+01  4.418204E+00
 2.033333E+01  4.430708E+00
 2.055556E+01  4.442628E+00
 2.077778E+01  4.453951E+00
 2.100000E+01  4.464666E+00
 2.122222E+01  4.474764E+00
 2.144444E+01  4.484233E+00
 2.166667E+01  4.493063E+00
 2.188889E+01  4.501242E+00
 2.211111E+01  4.508759E+00
 2.233333E+01  4.515605E+00
 2.255556E+01  4.521767E+00
 2.277778E+01  4.527236E+00
 2.300000E+01  4.532000E+00
 1.000000E+00  2.065982E+00
 1.232323E+00  2.100257E+00
 1.464646E+00  2.134503E+00
 1.696970E+00  2.168715E+00
 1.929293E+00  2.202887E+00
 2.161616E+00  2.237014E+00
 2.393939E+00  2.271092E+00
 2.626263E+00  2.305116E+00
 2.858586E+00  2.339080E+00
 3.090909E+00  2.372980E+00
 3.323232E+00  2.406810E+00
 3.555556E+00  2.440565E+00
 3.787879E+00  2.474241E+00
 4.020202E+00  2.507833E+00
 4.252525E+00  2.541335E+00
 4.484848E+00  2.574743E+00
 4.717172E+00  2.608051E+00
 4.949495E+00  2.641255E+00
 5.181818E+00  2.674349E+00
 5.414141E+00  2.707328E+00
 5.646465E+00  2.740189E+00
 5.878788E+00  2.772924E+00
 6.111111E+00  2.805530E+00
 6.343434E+00  2.838002E+00
 6.575758E+00  2.870334E+00
 6.808081E+00  2.902522E+00
 7.040404E+00  2.934560E+00
 7.272727E+00  2.966444E+00
 7.505051E+00  2.998168E+00
 7.737374E+00  3.029728E+00
 7.969697E+00  3.061119E+00
 8.202020E+00  3.092334E+00
 8.434343E+00  3.123371E+00
 8.666667E+00  3.154223E+00
 8.898990E+00  3.184885E+00
 9.131313E+00  3.215353E+00
 9.363636E+00  3.245621E+00
 9.595960E+00  3.275685E+00
 9.828283E+00  3.305540E+00
 1.006061E+01  3.335180E+00
 1.029293E+01  3.364600E+00
 1.052525E+01  3.393796E+00
 1.075758E+01  3.422763E+00
 1.098990E+01  3.451495E+00
 1.122222E+01  3.479987E+00
 1.145455E+01  3.508236E+00
 1.168687E+01  3.536234E+00
 1.191919E+01  3.563978E+00
 1.215152E+01  3.591463E+00
 1.238384E+01  3.618683E+00
 1.261616E+01  3.645634E+00
 1.284848E+01  3.672310E+00
 1.308081E+01  3.698707E+00
 1.331313E+01  3.724819E+00
 1.354545E+01  3.750642E+00
 1.377778E+01  3.776171E+00
 1.401010E+01  3.801399E+00
 1.424242E+01  3.826324E+00
 1.447475E+01  3.850939E+00
 1.470707E+01  3.875239E+00
 1.493939E+01  3.899220E+00
 1.517172E+01  3.922877E+00
 1.540404E+01  3.946204E+00
 1.563636E+01  3.969197E+00
 1.586869E+01  3.991850E+00
 1.610101E+01  4.014159E+00
 1.633333E+01  4.036118E+00
 1.656566E+01  4.057723E+00
 1.679798E+01  4.078968E+00
 1.703030E+01  4.099849E+00
 1.726263E+01  4.120360E+00
 1.749495E+01  4.140497E+00
 1.772727E+01  4.160254E+00
 1.795960E+01  4.179627E+00
 1.819192E+01  4.198611E+00
 1.842424E+01  4.217200E+00
 1.865657E+01  4.235389E+00
 1.888889E+01  4.253175E+00
 1.912121E+01  4.270550E+00
 1.935354E+01  4.287511E+00
 1.958586E+01  4.304053E+00
 1.981818E+01  4.320171E+00
 2.005051E+01  4.335858E+00
 2.028283E+01  4.351112E+00
 2.051515E+01  4.365926E+00
 2.074747E+01  4.380295E+00
 2.097980E+01  4.394215E+00
 2.121212E+01  4.407681E+00
 2.144444E+01  4.420687E+00
 2.167677E+01  4.433228E+00
 2.190909E+01  4.445301E+00
 2.214141E+01  4.456898E+00
 2.237374E+01  4.468017E+00
 2.260606E+01  4.478650E+00
 2.283838E+01  4.488795E+00
 2.307071E+01  4.498445E+00
 2.330303E+01  4.507595E+00
 2.353535E+01  4.516241E+00
 2.376768E+01  4.524378E+00
 2.400000E+01  4.532000E+00
 1.000000E+00  1.922422E+00
 1.242424E+00  1.957965E+00
 1.484848E+00  1.993510E+00
 1.727273E+00  2.029051E+00
 1.969697E+00  2.064583E+00
 2.212121E+00  2.100099E+00
 2.454545E+00  2.135594E+00
 2.696970E+00  2.171061E+00
 2.939394E+00  2.206496E+00
 3.181818E+00  2.241891E+00
 3.424242E+00  2.277242E+00
 3.666667E+00  2.312542E+00
 3.909091E+00  2.347785E+00
 4.151515E+00  2.382966E+00
 4.393939E+00  2.418079E+00
 4.636364E+00  2.453117E+00
 4.878788E+00  2.488076E+00
 5.121212E+00  2.522948E+00
 5.363636E+00  2.557729E+00
 5.606061E+00  2.592413E+00
 5.848485E+00  2.626993E+00
 6.090909E+00  2.661464E+00
 6.333333E+00  2.695819E+00
 6.575758E+00  2.730054E+00
 6.818182E+00  2.764161E+00
 7.060606E+00  2.798136E+00
 7.303030E+00  2.831973E+00
 7.545455E+00  2.865665E+00
 7.787879E+00  2.899206E+00
 8.030303E+00  2.932592E+00
 8.272727E+00  2.965815E+00
 8.515152E+00  2.998870E+00
 8.757576E+00  3.031752E+00
 9.000000E+00  3.064454E+00
 9.242424E+00  3.096971E+00
 9.484848E+00  3.129296E+00
 9.727273E+00  3.161425E+00
 9.969697E+00  3.193350E+00
 1.021212E+01  3.225066E+00
 1.045455E+01  3.256567E+00
 1.069697E+01  3.287848E+00
 1.093939E+01  3.318902E+00
 1.118182E+01  3.349724E+00
 1.142424E+01  3.380308E+00
 1.166667E+01  3.410648E+00
 1.190909E+01  3.440738E+00
 1.215152E+01  3.470572E+00
 1.239394E+01  3.500144E+00
 1.263636E+01  3.529449E+00
 1.287879E+01  3.558480E+00
 1.312121E+01  3.587232E+00
 1.336364E+01  3.615700E+00
 1.360606E+01  3.643876E+00
 1.384848E+01  3.671755E+00
 1.409091E+01  3.699332E+00
 1.433333E+01  3.726600E+00
 1.457576E+01  3.753554E+00
 1.481818E+01  3.780187E+00
 1.506061E+01  3.806495E+00
 1.530303E+01  3.832470E+00
 1.554545E+01  3.858108E+00
 1.578788E+01  3.883402E+00
 1.603030E+01  3.908346E+00
 1.627273E+01  3.932935E+00
 1.651515E+01  3.957163E+00
 1.675758E+01  3.981023E+00
 1.700000E+01  4.004511E+00
 1.724242E+01  4.027620E+00
 1.748485E+01  4.050344E+00
 1.772727E+01  4.072677E+00
 1.796970E+01  4.094614E+00
 1.821212E+01  4.116149E+00
 1.845455E+01  4.137275E+00
 1.869697E+01  4.157988E+00
 1.893939E+01  4.178281E+00
 1.918182E+01  4.198148E+00
 1.942424E+01  4.217583E+00
 1.966667E+01  4.236581E+00
 1.990909E+01  4.255136E+00
 2.015152E+01  4.273241E+00
 2.039394E+01  4.290891E+00
 2.063636E+01  4.308081E+00
 2.087879E+01  4.324804E+00
 2.112121E+01  4.341054E+00
 2.136364E+01  4.356826E+00
 2.160606E+01  4.372113E+00
 2.184848E+01  4.386910E+00
 2.209091E+01  4.401211E+00
 2.233333E+01  4.415011E+00
 2.257576E+01  4.428302E+00
 2.281818E+01  4.441080E+00
 2.306061E+01  4.453338E+00
 2.330303E+01  4.465071E+00
 2.354545E+01  4.476273E+00
 2.378788E+01  4.486938E+00
 2.403030E+01  4.497059E+00
 2.427273E+01  4.506632E+00
 2.451515E+01  4.515651E+00
 2.475758E+01  4.524109E+00
 2.500000E+01  4.532000E+00
