 1.860956E-02 -3.736799E-02 -8.808998E-03
 9.062268E-02  2.411156E-02  2.610973E-03
 8.637690E-02  3.284328E-02  4.488411E-03
 5.945702E-02  1.611195E-02  2.291037E-03
 4.049212E-02  6.330348E-03  1.193972E-03
 4.433200E-02  8.025776E-03  1.359522E-03
 1.769918E-02 -2.339264E-03  4.604500E-04
 9.575479E-03 -5.218174E-03  2.333971E-04
 2.793048E-03 -7.391474E-03  7.776753E-05
 2.806381E-03 -7.388311E-03  7.794363E-05
 2.421037E-02 -2.670496E-03  3.272376E-04
 1.377986E-02 -7.504325E-03 -6.318280E-05
-3.117390E-02 -1.790302E-02 -6.475265E-04
-2.324067E-02 -1.609946E-02 -5.569635E-04
 4.184007E-03 -1.045352E-02 -3.043064E-04
 7.048257E-03 -9.830902E-03 -2.755751E-04
 9.350613E-03 -8.933479E-03 -2.294116E-04
 1.648283E-02 -7.484686E-03 -1.678290E-04
 1.983812E-02 -7.244007E-03 -1.645494E-04
 3.170646E-02 -4.810428E-03 -6.640298E-05
 3.138124E-02 -4.867799E-03 -6.853403E-05
 2.911858E-02 -5.250074E-03 -8.218466E-05
 1.941307E-02 -6.514672E-03 -1.188839E-04
 2.993693E-02 -5.322741E-03 -8.696360E-05
 1.303117E-02 -7.678446E-03 -1.622555E-04
 1.134976E-02 -7.912482E-03 -1.693849E-04
