 2.133 -1.929 -1.586  0.791 ****** 108 39886  2754 0.050
 2.443 -3.276 -0.550  0.608 75.212 173 60064  4109 0.075
 2.371 -2.890 -0.918  0.695 52.553 148 47297  3300 0.063
 2.073 -1.737 -1.516  0.778 31.618 196 61655  4413 0.078
 2.014 -0.612 -2.266  0.900 10.799 163 45680  3198 0.063
 1.002  0.996 -2.998  1.000  0.001 198 62852  4225 0.097
 1.005  0.991 -2.995  0.999  0.001 231 76275  5230 0.117
 1.009  0.985 -2.993  0.999  0.000 295 90799  6160 0.137
 1.009  0.982 -2.991  0.999  0.000 384 *****  8372 0.190
 1.010  0.980 -2.991  0.999  0.000 529 ***** 11070 0.244
 1.013  0.977 -2.989  0.999  0.000 613 ***** 13328 0.287
