 9.999638E-01  1.000195E+00  6.009424E-01
 9.999448E-01  1.000254E+00  6.010303E-01
 9.775011E-01  1.091938E+00  6.009810E-01
 9.327640E-01  1.212561E+00  6.009776E-01
 8.408042E-01  1.340916E+00  6.009885E-01
 6.150443E-03  1.188012E+00  6.289854E-01
 2.207008E-01  1.526148E-01  1.113147E+00
 2.483449E-01  1.625970E-01  1.027089E+00
 3.009870E-01  1.289465E-01  1.232881E+00
 3.378837E-01  1.056875E-01  1.705335E+00
 3.722011E-01  1.006575E-01  1.736620E+00
 3.900301E-01  9.857476E-02  2.008697E+00
 3.714255E-01  1.281684E-01  2.392111E+00
 4.161391E-01  1.223230E-01  2.515826E+00
 4.478581E-01  1.225084E-01  2.541823E+00
 4.986236E-01  1.150912E-01  2.679360E+00
 5.359346E-01  1.129748E-01  2.756779E+00
 5.561619E-01  1.100770E-01  2.919096E+00
 4.001891E-01  1.717216E-01  2.373133E+00
 4.612302E-01  1.714055E-01  2.375435E+00
 5.278025E-01  1.716738E-01  2.373469E+00
 6.016639E-01  1.716370E-01  2.373742E+00
 6.569863E-01  1.685298E-01  2.494139E+00
 7.756583E-01  1.352497E-01  2.954437E+00
 8.535690E-01  1.167755E-01  4.049920E+00
 9.407525E-01  1.080211E-01  4.296730E+00
 1.049941E+00  1.035078E-01  4.399551E+00
 1.131323E+00  1.041131E-01  4.415889E+00
 1.246511E+00  9.712031E-02  4.658525E+00
 1.400701E+00  8.556328E-02  5.064957E+00
 1.154489E+00  1.183109E-01  4.532643E+00
 1.256906E+00  1.188245E-01  4.521416E+00
 1.369056E+00  1.184392E-01  4.529706E+00
 1.496355E+00  1.129694E-01  4.719629E+00
 1.550149E+00  1.239512E-01  4.553447E+00
 1.672754E+00  1.246444E-01  4.578413E+00
 1.806628E+00  1.234815E-01  4.580122E+00
 1.046550E+00  1.026112E+00  4.325514E+00
 2.051892E+00  1.272153E-01  4.842663E+00
 1.249581E+00  1.069026E+00  4.441265E+00
 1.318556E+00  1.171731E+00  4.483673E+00
 1.359592E+00  1.254439E+00  4.521375E+00
 1.227765E+00  1.151723E+00  4.535786E+00
 1.247048E+00  1.204198E+00  4.563508E+00
 1.112960E+00  1.000462E+00  4.565260E+00
 1.105465E+00  1.041347E+00  4.520853E+00
 1.117110E+00  1.069911E+00  4.506855E+00
 1.428004E+00  9.003487E-01  4.468226E+00
 1.479880E+00  9.906879E-01  4.457830E+00
 1.227573E+00  1.263806E+00  4.474628E+00
 1.728328E+00  7.973278E-01  4.503448E+00
 1.579653E+00  9.752931E-01  4.507187E+00
 1.464404E+00  1.107145E+00  4.510961E+00
 1.342770E+00  1.038523E+00  4.525291E+00
 1.200677E+00  9.995538E-01  4.547310E+00
 1.304534E+00  1.295799E+00  4.544649E+00
 1.098085E+00  1.118773E+00  4.595660E+00
 1.121058E+00  1.182410E+00  4.629018E+00
 1.120901E+00  1.199047E+00  4.640965E+00
 1.074387E+00  1.049585E+00  4.632914E+00
 9.239715E-01  9.811685E-01  4.619956E+00
 1.265532E+00  1.163531E+00  4.612514E+00
 1.158897E+00  1.238067E+00  4.762910E+00
 1.109318E+00  1.232185E+00  4.755509E+00
 1.198484E+00  1.521748E+00  4.755202E+00
 1.249929E+00  1.864062E+00  4.602596E+00
 1.061635E+00  1.301303E+00  4.606680E+00
 1.111779E+00  1.460318E+00  4.606046E+00
 1.206761E+00  7.801655E-01  4.621029E+00
 1.189203E+00  9.777110E-01  4.616133E+00
 1.137810E+00  1.298662E+00  4.611475E+00
 1.295095E+00  1.056325E+00  4.630939E+00
 1.337141E+00  1.024056E+00  4.647746E+00
 1.078126E+00  1.053352E+00  4.796324E+00
 1.068835E+00  1.025000E+00  4.788901E+00
 1.068664E+00  1.022638E+00  4.797197E+00
 1.064932E+00  1.008112E+00  4.809603E+00
 9.123459E-01  1.071125E+00  4.813367E+00
 1.149240E+00  1.315173E+00  4.811918E+00
 1.226336E+00  1.643743E+00  4.827465E+00
 1.308320E+00  1.939445E+00  4.833252E+00
 1.217873E+00  1.692859E+00  4.828534E+00
 1.050493E+00  9.580518E-01  4.827266E+00
 1.087761E+00  1.167161E+00  4.820575E+00
 9.846490E-01  9.087852E-01  4.823026E+00
 1.042901E+00  1.099511E+00  4.832745E+00
 1.083809E+00  1.184518E+00  4.848120E+00
 1.084313E+00  1.089409E+00  4.855509E+00
 1.097613E+00  1.116476E+00  4.855733E+00
 1.078692E+00  1.041628E+00  4.856502E+00
 1.256328E+00  8.926938E-01  4.862015E+00
 1.080299E+00  1.013090E+00  4.864553E+00
 1.069919E+00  1.004878E+00  4.874265E+00
 1.071175E+00  1.026218E+00  4.872739E+00
 1.060146E+00  1.000982E+00  4.872217E+00
 1.059132E+00  9.856218E-01  4.874476E+00
 1.117664E+00  1.204812E+00  4.873768E+00
 1.088482E+00  1.067277E+00  4.878592E+00
 1.068262E+00  1.019322E+00  4.868372E+00
 1.058124E+00  9.803423E-01  4.892881E+00
