-2.586814E-02 -6.699113E-03 -3.452477E-03
 8.118095E-03  2.276478E-02  2.069487E-03
-2.063709E-02  2.004530E-02  2.926363E-03
-3.739178E-02  1.092515E-02  1.803388E-03
-5.944721E-02  5.470101E-04  6.974185E-04
-6.146856E-02 -2.874106E-04  6.192715E-04
-4.616840E-02  5.488653E-03  1.110407E-03
-1.820789E-02  1.307186E-02  1.599222E-03
-4.162207E-02  3.752960E-03  8.179825E-04
-3.439959E-02  5.641181E-03  9.332778E-04
 8.400944E-03  1.282482E-02  1.149721E-03
-1.544330E-03  6.640522E-03  5.286781E-04
-1.174289E-01 -1.787352E-02 -6.270807E-04
-1.187344E-01 -1.817964E-02 -6.426999E-04
-1.247194E-01 -1.950839E-02 -7.068975E-04
-1.222105E-01 -1.897865E-02 -6.825661E-04
-1.222112E-01 -1.897875E-02 -6.825698E-04
-7.414186E-02 -1.163119E-02 -4.173852E-04
-5.949526E-02 -8.918681E-03 -2.970247E-04
-5.406043E-02 -7.834998E-03 -2.502211E-04
-7.432083E-02 -1.028570E-02 -3.173695E-04
-6.842116E-02 -9.429311E-03 -2.931367E-04
-6.261418E-02 -8.511823E-03 -2.647420E-04
-6.261782E-02 -8.512273E-03 -2.647549E-04
 1.087995E-02  1.544442E-03  5.126591E-05
 1.154532E-02  1.482445E-03  4.323116E-05
