 3.372786E-01  2.354592E-01  3.477629E-02
 2.908565E-01  1.962824E-01  2.754846E-02
-5.077983E-02  2.768164E-03  1.873737E-03
-1.037481E-01 -2.564343E-02 -1.578878E-03
-1.030437E-01 -2.530089E-02 -1.541703E-03
-9.278655E-02 -2.090404E-02 -1.120779E-03
-1.025343E-01 -2.470127E-02 -1.449503E-03
-8.705926E-02 -1.919378E-02 -1.015165E-03
-9.019482E-02 -2.021840E-02 -1.089254E-03
-6.276122E-02 -1.420220E-02 -7.685562E-04
-4.373690E-02 -9.006029E-03 -4.510891E-04
-3.089192E-02 -5.732836E-03 -2.645811E-04
-2.031875E-02 -3.204367E-03 -1.294907E-04
-9.157436E-03 -6.884021E-04 -2.910362E-06
-4.623759E-03  2.802197E-04  4.319948E-05
-5.593963E-03  8.244647E-05  3.424338E-05
-1.386520E-02 -1.597478E-03 -3.602173E-05
-1.722743E-02 -2.222829E-03 -6.157772E-05
-1.203870E-02 -1.297031E-03 -2.534034E-05
-1.087845E-02 -1.098191E-03 -1.787285E-05
-1.284231E-02 -1.421567E-03 -2.953711E-05
-1.263685E-02 -1.389326E-03 -2.842488E-05
-1.307509E-02 -1.455908E-03 -3.064405E-05
 5.202981E-03  7.163997E-04  2.994430E-05
 9.208233E-04  5.826614E-04  3.412040E-05
-6.812865E-05  2.437712E-04  1.860850E-05
