 9.853479E-02  4.240544E-02  4.363078E-03
 1.379209E-01  7.540783E-02  1.042506E-02
 7.467303E-02  3.170216E-02  3.819197E-03
 2.662390E-02  3.581013E-03  2.160464E-04
 2.805886E-02  4.313587E-03  2.978172E-04
 2.064590E-02  9.576560E-04 -3.414800E-05
 2.798184E-02  3.927268E-03  2.288810E-04
 3.295840E-02  5.753772E-03  3.755895E-04
 2.337569E-02  2.536976E-03  1.392154E-04
 2.096968E-02  1.789419E-03  8.845121E-05
 1.994613E-02  1.493015E-03  6.972971E-05
 1.127272E-02 -8.422403E-04 -6.758646E-05
 5.473523E-03 -2.298462E-03 -1.475916E-04
 2.972249E-03 -2.889854E-03 -1.781725E-04
 5.331479E-03 -2.363676E-03 -1.524997E-04
 9.407492E-03 -1.502105E-03 -1.126703E-04
 1.820194E-02  2.648261E-04 -3.505813E-05
 2.313817E-02  1.208097E-03  4.365648E-06
 2.776308E-02  2.050863E-03  3.796431E-05
 2.873483E-02  2.219931E-03  4.440388E-05
 3.168448E-02  2.712894E-03  6.242177E-05
 3.058184E-02  2.536082E-03  5.622025E-05
 2.597616E-02  1.826271E-03  3.228948E-05
 2.029497E-02  9.831665E-04  4.919682E-06
 2.169490E-02  1.183360E-03  1.118355E-05
 2.153629E-02  1.161488E-03  1.052332E-05
