 1.907889E-02 -3.702304E-02 -8.751251E-03
 9.438745E-02  2.626645E-02  2.896116E-03
 8.869311E-02  3.391999E-02  4.605710E-03
 1.256064E-01  3.768911E-02  4.021270E-03
 7.719932E-02  1.490787E-02  1.676087E-03
 8.272621E-02  1.748833E-02  1.933950E-03
 7.117421E-02  1.529217E-02  1.838815E-03
 9.604993E-03 -5.210583E-03  2.338557E-04
 2.842564E-03 -7.379723E-03  7.842185E-05
 3.373888E-02  3.540953E-04  5.143824E-04
 2.420267E-02 -2.672363E-03  3.271322E-04
-3.993400E-02 -2.002135E-02 -7.610843E-04
-3.108159E-02 -1.788602E-02 -6.468016E-04
-2.325577E-02 -1.610208E-02 -5.570693E-04
 4.185394E-03 -1.045329E-02 -3.042974E-04
 7.047401E-03 -9.831037E-03 -2.755800E-04
 9.356725E-03 -8.932584E-03 -2.293810E-04
 1.197210E-02 -8.807740E-03 -2.304841E-04
 1.987339E-02 -7.239060E-03 -1.643878E-04
 3.173116E-02 -4.807290E-03 -6.630970E-05
 3.140154E-02 -4.865346E-03 -6.846448E-05
 2.913772E-02 -5.247866E-03 -8.212475E-05
 2.996733E-02 -5.319217E-03 -8.686770E-05
 2.996484E-02 -5.319505E-03 -8.687554E-05
 7.691541E-03 -8.161518E-03 -1.721903E-04
 1.778835E-02 -7.270766E-03 -1.549405E-04
