 6.923269E-02  2.778529E-03  6.262611E-05
 5.432434E-02  1.105645E-03  1.354314E-05
 4.094074E-02 -9.089835E-05 -1.485286E-05
 2.162758E-02 -1.673491E-03 -5.239146E-05
-3.548800E-04 -3.767203E-03 -1.110395E-04
 2.620119E-02 -1.623779E-03 -5.464384E-05
 4.457930E-02  2.436394E-04  2.510062E-06
 7.593186E-02  3.792343E-03  1.121095E-04
 7.351154E-02  3.127905E-03  8.283602E-05
 1.079057E-01  6.129854E-03  1.616799E-04
 1.599927E-01  1.090394E-02  2.953693E-04
 2.085459E-01  1.645044E-02  4.921024E-04
 1.688182E-01  1.065943E-02  2.810058E-04
 1.449331E-01  7.216102E-03  1.641549E-04
 1.175483E-01  3.235029E-03  2.799912E-05
 5.021738E-02 -8.745647E-03 -4.619825E-04
 1.355703E-02 -1.173376E-02 -5.091888E-04
-1.724001E-04 -1.390011E-02 -5.802955E-04
 1.243724E-02 -1.160658E-02 -4.646293E-04
 2.458537E-02 -1.005903E-02 -4.006851E-04
 1.061233E-01  3.680049E-05 -5.478089E-05
 1.951587E-01  1.559296E-02  6.232257E-04
 2.036823E-01  1.437259E-02  5.129078E-04
 1.748750E-01  9.428944E-03  3.078668E-04
 1.946154E-01  1.042570E-02  3.140345E-04
 1.892319E-01  9.945481E-03  3.014838E-04
 1.147547E-01 -3.383807E-03 -2.023765E-04
 1.007292E-01 -6.389880E-03 -3.953284E-04
 4.662682E-02 -1.455309E-02 -7.005247E-04
-1.181337E-02 -2.086190E-02 -8.745069E-04
 3.211112E-02 -1.342193E-02 -5.388275E-04
 5.707146E-02 -1.074891E-02 -4.378126E-04
 5.023392E-02 -1.059522E-02 -3.988614E-04
 1.029797E-01 -3.855358E-03 -1.547446E-04
 1.554208E-01  5.900876E-03  2.572292E-04
 1.448404E-01  4.907752E-03  2.295133E-04
 1.399553E-01  4.142830E-03  1.898296E-04
 1.298198E-01  3.189524E-03  1.580671E-04
 2.857153E-02 -1.106762E-02 -4.063671E-04
 5.079665E-02 -5.778044E-03 -1.489626E-04
 3.675444E-03 -1.077012E-02 -3.109954E-04
 7.052524E-03 -9.830229E-03 -2.755505E-04
-1.522015E-02 -1.099862E-02 -2.911043E-04
-7.855585E-02 -1.674732E-02 -4.570298E-04
-8.743351E-03 -1.487980E-04  2.690077E-04
-6.930355E-02 -1.221717E-02 -2.622159E-04
 2.681417E-02  2.130255E-03  2.813508E-04
 8.981870E-02  8.369812E-03  4.339152E-04
 9.285350E-02  1.148887E-02  5.646068E-04
 7.738682E-02  1.004367E-02  4.947430E-04
 7.769411E-02  9.558586E-03  4.430399E-04
 7.667086E-02  8.732001E-03  3.822661E-04
 2.337687E-02  8.232782E-04  8.244679E-05
-1.132546E-02 -3.319568E-03 -6.592326E-05
-8.195564E-02 -1.086684E-02 -3.076095E-04
-1.077931E-01 -1.340403E-02 -3.900024E-04
-9.977264E-02 -1.161435E-02 -3.211862E-04
-5.236194E-02 -4.689236E-03 -7.204881E-05
-4.891018E-02 -3.412126E-03 -2.672801E-05
-1.947532E-02  1.330466E-03  1.444420E-04
 1.043706E-02  8.165029E-03  4.955714E-04
 1.092451E-02  6.536474E-03  3.550930E-04
 4.942153E-02  7.767189E-03  3.216763E-04
 1.485547E-01  2.156415E-02  8.010401E-04
 1.451912E-01  1.925318E-02  6.642456E-04
 1.102449E-01  1.155703E-02  3.116669E-04
 8.626120E-02  5.715396E-03  7.329148E-05
 1.278777E-02 -5.641585E-03 -3.780013E-04
-4.599229E-02 -1.400829E-02 -6.823672E-04
-1.303628E-01 -2.410324E-02 -1.006162E-03
-1.045065E-01 -1.927287E-02 -7.674027E-04
-1.221886E-01 -1.897528E-02 -6.824450E-04
-7.681783E-02 -1.109098E-02 -3.554797E-04
-9.618852E-02 -1.164537E-02 -3.344526E-04
 7.505054E-03  8.745429E-03  4.951172E-04
 1.024587E-02  8.245305E-03  4.905612E-04
 3.499074E-02  6.971367E-03  3.392801E-04
 2.622123E-02  5.361868E-03  2.566304E-04
 1.242266E-01  2.020667E-02  7.966082E-04
 1.052434E-01  1.683562E-02  6.337835E-04
 6.056239E-02  8.730193E-03  2.893402E-04
 5.057953E-02  4.085069E-03  6.709567E-05
 2.036891E-02 -7.368979E-04 -1.179424E-04
-1.333815E-02 -5.409310E-03 -2.851342E-04
-3.666762E-02 -8.904432E-03 -4.082051E-04
-3.133369E-02 -7.348960E-03 -3.170109E-04
-3.121993E-03 -4.445927E-03 -2.192685E-04
 1.453838E-02 -8.215716E-04 -5.591260E-05
 2.347850E-02  1.279364E-03  4.215975E-05
 4.557425E-02  3.633861E-03  1.144413E-04
 2.935519E-02  2.268080E-03  8.444165E-05
-1.323869E-02 -2.175307E-03 -4.707540E-05
 1.150003E-02  9.878355E-04  5.824533E-05
-4.404415E-02 -7.221416E-03 -2.664580E-04
-1.464057E-02 -2.990490E-03 -1.052795E-04
-4.204888E-03 -1.738025E-03 -6.083092E-05
 5.360393E-03 -3.624797E-05  3.354121E-06
 2.724135E-03 -1.857520E-04  1.154971E-06
 7.183467E-02  7.061788E-03  2.253360E-04
 3.274314E-02  3.250240E-03  1.125887E-04
