 3.809767E+00  3.334654E-01  5.059484E+00
 3.746330E+00  2.845813E-01  5.064354E+00
 3.623982E+00  2.021302E-01  5.244407E+00
 3.619457E+00  1.733885E-01  5.268051E+00
 3.632992E+00  1.481600E-01  5.298790E+00
 3.654282E+00  1.265379E-01  5.337942E+00
 3.226546E+00  1.583495E-01  5.274334E+00
 2.984849E+00  1.626973E-01  5.266744E+00
 2.841984E+00  1.556054E-01  5.280484E+00
 2.803525E+00  1.377229E-01  5.311831E+00
 2.845454E+00  1.253707E-01  5.331983E+00
 2.859774E+00  1.217083E-01  5.336339E+00
 2.823974E+00  1.073903E-01  5.384565E+00
 2.663601E+00  1.091209E-01  5.391183E+00
 2.451326E+00  1.112685E-01  5.390805E+00
 1.881100E+00  1.323284E-01  5.332669E+00
 2.067644E+00  1.222398E-01  5.314221E+00
 1.950758E+00  1.196662E-01  5.325843E+00
 1.863910E+00  1.154754E-01  5.346800E+00
 1.865795E+00  1.053918E-01  5.400179E+00
 1.716019E+00  1.069036E-01  5.390154E+00
