 1.035874E+00 6.298136E-02 1.510556E-01 1.044361E-01 2.963844E-02 4.990451E-02 1.219391E-02 8.444592E-02 1.410566E+00 7.133830E-02 7.274363E-02 4.493367E-02 8.757889E-01 7.602238E-02 3.962205E-02 1.461962E+00 1.337561E-01 1.071456E-01 1.654246E-02 5.677834E-02
 9.845162E-01 1.217895E-01 2.176206E-01 1.790694E-01 1.126561E-01 1.416276E-01 1.129484E-01 1.945626E-01 1.290752E+00 2.011912E-01 2.129802E-01 1.959042E-01 1.037848E+00 9.748616E-02 1.457003E-01 1.264456E+00 7.630785E-02 1.158558E-01 2.197807E-01 1.932557E-01
 1.187706E+00 9.582201E-02 1.501210E-02 6.919512E-02 1.518621E-01 1.397776E-01 1.859884E-01 1.225618E-01 1.626731E+00 1.543216E-01 1.627560E-01 2.007568E-01 6.195501E-01 3.431737E-01 3.180563E-01 1.752056E+00 4.358936E-01 4.217165E-01 3.439431E-01 3.974117E-01
 1.214708E+00 1.271073E-01 5.083287E-02 1.098088E-01 1.975311E-01 1.907693E-01 2.425753E-01 1.850212E-01 1.695345E+00 2.293782E-01 2.445473E-01 2.895801E-01 5.233924E-01 4.469729E-01 4.298095E-01 1.872080E+00 5.645117E-01 5.592553E-01 4.907350E-01 5.537939E-01
 1.194599E+00 1.052362E-01 2.722145E-02 8.448174E-02 1.705156E-01 1.620949E-01 2.122742E-01 1.531282E-01 1.661898E+00 1.944156E-01 2.081119E-01 2.517169E-01 5.626362E-01 4.063984E-01 3.879566E-01 1.829004E+00 5.202693E-01 5.139069E-01 4.443429E-01 5.064231E-01
 1.150312E+00 5.119496E-02 3.712816E-02 9.257069E-03 8.383698E-02 6.337134E-02 1.009023E-01 2.849250E-02 1.523370E+00 4.135677E-02 3.986948E-02 6.762632E-02 7.632514E-01 1.885697E-01 1.522134E-01 1.574633E+00 2.465450E-01 2.200917E-01 1.296869E-01 1.701641E-01
 1.161123E+00 5.688809E-02 3.692417E-02 3.591308E-03 7.191170E-02 4.478762E-02 7.525212E-02 4.641430E-03 1.482326E+00 8.032795E-03 1.831031E-02 2.025120E-04 8.403822E-01 1.012599E-01 5.424327E-02 1.465512E+00 1.257740E-01 8.716168E-02 1.591987E-02 1.135363E-02
 1.144956E+00 3.820340E-02 5.826607E-02 2.054996E-02 4.482650E-02 1.461147E-02 4.183558E-02 4.145024E-02 1.441971E+00 5.209149E-02 6.623149E-02 5.174276E-02 8.965156E-01 4.077189E-02 1.076822E-02 1.395806E+00 5.119905E-02 7.541966E-03 1.007630E-01 7.889399E-02
 1.148356E+00 4.212350E-02 5.380317E-02 1.552083E-02 5.044566E-02 2.084490E-02 4.870789E-02 3.391403E-02 1.450197E+00 4.315077E-02 5.654937E-02 4.129260E-02 8.852704E-01 5.283964E-02 2.149882E-03 1.409602E+00 6.590300E-02 2.318222E-02 8.415700E-02 6.129237E-02
 1.150679E+00 4.484270E-02 5.066231E-02 1.193264E-02 5.450744E-02 2.540706E-02 5.379780E-02 2.826844E-02 1.456426E+00 3.630787E-02 4.906370E-02 3.313402E-02 8.764082E-01 6.243673E-02 1.251368E-02 1.420765E+00 7.789792E-02 3.604266E-02 7.039699E-02 4.659818E-02
 1.136565E+00 2.965627E-02 6.696824E-02 2.940558E-02 3.581905E-02 5.453887E-03 3.252960E-02 5.090283E-02 1.432374E+00 6.183174E-02 7.611267E-02 6.176289E-02 9.066727E-01 3.048005E-02 2.119273E-02 1.385251E+00 4.051586E-02 3.267139E-03 1.116957E-01 8.994784E-02
