 0.942  0.873 -2.993  1.018  7.254  0.141  0.127  0.295    2    1
 0.970  0.921 -3.003  1.006  5.634  0.085  0.079  0.356    3    2
 0.971  0.895 -3.015  1.034  4.181  0.115  0.105  0.437    3    2
 1.006  0.848 -3.023  1.047  3.145  0.161  0.152  0.511    3    2
 1.043  0.873 -3.060  1.053  2.218  0.156  0.127  0.480    3    2
 1.038  0.918 -3.019  1.022  1.335  0.095  0.082  0.332    3    2
 1.026  0.946 -2.976  0.999  0.576  0.065  0.054  0.283    3    2
 1.004  0.981 -2.977  0.993  0.091  0.031  0.023  0.280    3    2
 1.002  0.978 -2.976  0.994  0.086  0.033  0.024  0.279    3    2
 1.005  0.975 -2.978  0.995  0.082  0.034  0.025  0.280    4    3
 1.005  0.977 -2.977  0.993  0.077  0.034  0.023  0.280    5    4
