 5.961046E-01 1.207624E-01 4.958628E-01 5.007204E-01 2.339639E-01 7.892247E-01 5.871914E-02 1.753369E-01 1.769258E+00 7.817518E-02 6.272250E-02 3.230978E-02 3.489289E-01 4.076143E-02 1.777368E-02 1.305305E+00 4.761728E-02 3.336424E-02 4.362572E-03 1.389440E-02
 5.665452E-01 2.333728E-01 7.142429E-01 8.581729E-01 8.863254E-01 2.235426E+00 5.370709E-01 4.034724E-01 1.618935E+00 2.200140E-01 1.832194E-01 1.401892E-01 4.134809E-01 5.269946E-02 6.614923E-02 1.128892E+00 2.741584E-02 3.638572E-02 5.989052E-02 4.787654E-02
 6.835034E-01 1.833697E-01 4.904515E-02 3.310326E-01 1.192581E+00 2.202177E+00 8.824218E-01 2.536472E-01 2.040541E+00 1.683884E-01 1.396929E-01 1.433129E-01 2.468273E-01 1.847161E-01 1.439103E-01 1.564520E+00 1.555826E-01 1.317968E-01 9.341728E-02 9.808568E-02
 6.990227E-01 2.431915E-01 1.663935E-01 5.252691E-01 1.550933E+00 3.004996E+00 1.150687E+00 3.828588E-01 2.126500E+00 2.502524E-01 2.098675E-01 2.066897E-01 2.085824E-01 2.405448E-01 1.944421E-01 1.671565E+00 2.014552E-01 1.747514E-01 1.332680E-01 1.366617E-01
 6.874483E-01 2.013093E-01 8.892955E-02 4.039650E-01 1.338642E+00 2.552892E+00 1.006831E+00 3.167866E-01 2.084537E+00 2.120648E-01 1.785630E-01 1.796358E-01 2.242126E-01 2.186914E-01 1.754913E-01 1.633094E+00 1.856543E-01 1.605695E-01 1.206566E-01 1.249608E-01
 6.619621E-01 9.784110E-02 1.221553E-01 4.372397E-02 6.575927E-01 9.964925E-01 4.781301E-01 5.859971E-02 1.910756E+00 4.489608E-02 3.401774E-02 4.810375E-02 3.041137E-01 1.013698E-01 6.874674E-02 1.405914E+00 8.789267E-02 6.868038E-02 3.511507E-02 4.189690E-02
 6.681820E-01 1.087358E-01 1.214964E-01 1.657577E-02 5.638674E-01 7.034633E-01 3.563487E-01 1.004490E-02 1.859263E+00 9.049636E-03 1.596957E-02 7.199582E-05 3.348341E-01 5.434422E-02 2.438529E-02 1.308457E+00 4.475873E-02 2.710732E-02 4.468958E-03 2.667361E-03
 6.588901E-01 7.300747E-02 1.914144E-01 9.888566E-02 3.513268E-01 2.283399E-01 1.979189E-01 8.619728E-02 1.808703E+00 5.710765E-02 5.708756E-02 3.713843E-02 3.571618E-01 2.180826E-02 5.013304E-03 1.246284E+00 1.815916E-02 2.239624E-03 2.750358E-02 1.959625E-02
 6.608446E-01 8.050728E-02 1.767807E-01 7.480417E-02 3.954851E-01 3.266517E-01 2.305634E-01 7.057285E-02 1.819032E+00 4.733121E-02 4.875806E-02 2.966074E-02 3.526757E-01 2.831932E-02 8.470302E-04 1.258631E+00 2.342186E-02 7.141931E-03 2.297858E-02 1.523765E-02
 6.527100E-01 5.139723E-02 2.303123E-01 1.585211E-01 2.486181E-01 1.210922E-02 1.296330E-01 1.174343E-01 1.788882E+00 7.518047E-02 7.196972E-02 5.008817E-02 3.647111E-01 1.113660E-02 1.438724E-02 1.226975E+00 1.009885E-02 5.124547E-03 3.417953E-02 2.591964E-02
 6.407150E-01 7.986565E-03 3.109720E-01 2.858731E-01 2.321723E-02 4.746073E-01 2.774362E-02 1.910271E-01 1.741216E+00 1.194867E-01 1.091166E-01 8.296165E-02 3.841813E-01 1.679936E-02 3.927226E-02 1.175034E+00 1.185459E-02 2.541889E-02 5.278248E-02 4.372597E-02
