 9.417323E-01  8.728736E-01 -2.992749E+00  1.017738E+00
 9.699984E-01  9.209435E-01 -3.002822E+00  1.005446E+00
 9.712717E-01  8.950135E-01 -3.014697E+00  1.034124E+00
 1.005990E+00  8.479943E-01 -3.023280E+00  1.046707E+00
 1.042770E+00  8.726720E-01 -3.059987E+00  1.053084E+00
 1.038141E+00  9.179559E-01 -3.019314E+00  1.022212E+00
 1.025722E+00  9.457318E-01 -2.975501E+00  9.990994E-01
 1.003685E+00  9.809676E-01 -2.976410E+00  9.929652E-01
 1.002210E+00  9.778456E-01 -2.976328E+00  9.939932E-01
 1.001933E+00  9.799342E-01 -2.974945E+00  9.917086E-01
 1.000757E+00  9.841968E-01 -2.970787E+00  9.872227E-01
