60
0.106000
0.106000
0.114000
0.131000
0.116000
0.126000
0.133000
0.119000
0.138000
0.123000
0.104000
0.106000
0.106000
0.106000
0.106000
0.457000
0.462000
0.462000
0.460000
0.452000
0.452000
0.467000
0.092000
0.099000
0.099000
0.097000
0.111000
0.109000
0.109000
0.104000
0.097000
0.102000
0.111000
0.094000
0.106000
0.111000
0.145000
0.155000
0.169000
0.174000
0.194000
0.194000
0.191000
0.169000
0.167000
0.172000
0.169000
0.165000
0.172000
0.172000
0.215000
0.235000
0.242000
0.254000
0.273000
0.298000
0.322000
0.305000
0.310000
0.307000
