275
0.083000
0.103000
0.122000
0.147000
0.177000
0.211000
0.232000
0.261000
0.309000
0.371000
0.426000
0.462000
0.459000
0.489000
0.514000
0.574000
0.621000
0.652000
0.720000
0.811000
0.822000
0.827000
0.802000
0.776000
0.922000
1.014000
1.107000
1.156000
1.306000
1.510000
1.699000
1.717000
1.764000
1.814000
1.871000
1.843000
1.927000
2.037000
2.153000
2.367000
2.572000
2.719000
2.785000
2.972000
3.061000
3.216000
3.264000
3.321000
3.314000
3.499000
3.696000
3.788000
4.017000
4.134000
4.233000
4.344000
4.433000
4.340000
4.471000
4.450000
4.532000
4.526000
4.411000
4.289000
4.437000
4.611000
4.822000
4.743000
4.708000
4.738000
4.775000
4.782000
4.732000
4.577000
4.513000
4.505000
4.563000
4.528000
4.535000
4.532000
4.531000
4.728000
4.814000
4.833000
4.851000
4.912000
4.857000
4.792000
4.649000
4.707000
4.648000
4.673000
4.611000
4.513000
4.587000
4.786000
4.774000
4.807000
4.759000
4.742000
4.865000
4.843000
4.793000
4.780000
4.799000
4.874000
4.904000
4.911000
4.979000
4.945000
4.845000
4.902000
4.835000
4.879000
4.913000
4.906000
4.901000
5.094000
4.987000
4.975000
4.679000
4.885000
4.764000
4.802000
4.720000
4.711000
4.676000
4.830000
4.725000
4.797000
4.709000
4.587000
4.608000
4.702000
4.782000
4.608000
4.624000
4.612000
4.482000
4.514000
4.501000
4.553000
4.577000
4.539000
4.535000
4.656000
4.573000
4.494000
4.440000
4.356000
4.210000
4.078000
4.122000
4.037000
4.029000
3.992000
4.057000
3.958000
3.992000
3.809000
3.863000
3.702000
3.230000
3.158000
3.256000
3.234000
3.322000
3.301000
3.348000
3.752000
3.694000
3.591000
3.581000
3.531000
3.497000
3.494000
3.310000
3.232000
3.233000
3.148000
3.234000
3.215000
3.175000
3.193000
3.301000
3.232000
3.219000
3.039000
3.059000
3.063000
3.034000
2.837000
2.838000
2.820000
2.794000
2.744000
2.663000
2.325000
2.335000
2.324000
2.372000
2.307000
2.267000
2.314000
2.547000
2.426000
2.282000
2.161000
2.142000
2.142000
2.137000
2.063000
2.026000
2.036000
1.994000
1.978000
1.951000
1.895000
1.692000
1.758000
1.836000
1.684000
1.582000
1.541000
1.576000
1.548000
1.504000
1.689000
1.806000
2.249000
2.257000
2.247000
2.568000
2.708000
2.508000
2.572000
2.210000
2.246000
2.303000
2.266000
2.199000
2.255000
2.230000
2.370000
2.422000
2.412000
2.456000
2.485000
2.528000
2.647000
2.698000
2.726000
2.785000
2.881000
2.972000
2.982000
2.968000
2.982000
2.960000
2.998000
3.079000
3.145000
3.359000
3.459000
3.472000
3.558000
3.620000
3.623000
3.639000
3.436000
3.210000
2.945000
2.903000
2.839000
2.934000
