         100
   0.0000000000000000        2.6093242448648128     
   6.0606060606060608E-002   2.4568403540634556     
  0.12121212121212122        2.8405552799393865     
  0.18181818181818182        2.2064887160441176     
  0.24242424242424243        2.0960102793998456     
  0.30303030303030304        1.9985811665877635     
  0.36363636363636365        1.8998621413802619     
  0.42424242424242425        1.8050381881771396     
  0.48484848484848486        1.7028703936095633     
  0.54545454545454541        1.6256700323279256     
  0.60606060606060608        1.5537584567543063     
  0.66666666666666663       0.82266619715629341     
  0.72727272727272729        1.4208864222645596     
  0.78787878787878785        1.3524135069423175     
  0.84848484848484851        1.3005190317704074     
  0.90909090909090906        1.2637470777083768     
  0.96969696969696972        1.2171946051811500     
   1.0303030303030303        1.1802037283905928     
   1.0909090909090908        1.1604161298664737     
   1.1515151515151516       0.41632907263713081     
   1.2121212121212122        1.0962388639676328     
   1.2727272727272727        1.0806407456514233     
   1.3333333333333333        1.0780824847273693     
   1.3939393939393940        1.0755125219025439     
   1.4545454545454546        1.0601020839623410     
   1.5151515151515151        1.0633880162374068     
   1.5757575757575757        1.0698580934888349     
   1.6363636363636365        1.0702709862389503     
   1.6969696969696970        1.0903304296120251     
   1.7575757575757576        1.0974409546530415     
   1.8181818181818181        1.1242840800517675     
   1.8787878787878789        1.1538727283420132     
   1.9393939393939394        1.1691241847845038     
   2.0000000000000000        1.2055800858483716     
   2.0606060606060606        1.2362528743576646     
   2.1212121212121211        1.2659973447519690     
   2.1818181818181817       0.31639978282173997     
   2.2424242424242422        1.3415542834361807     
   2.3030303030303032        1.3856928197515104     
   2.3636363636363638        1.4249209911339091     
   2.4242424242424243        1.4751314951389489     
   2.4848484848484849        1.5296204369499005     
   2.5454545454545454        1.5807559004621068     
   2.6060606060606060        1.6236521825294714     
   2.6666666666666665        1.6890247769708981     
   2.7272727272727271        1.7369065999549160     
   2.7878787878787881        1.0759472935069168     
   2.8484848484848486        1.8491936716186872     
   2.9090909090909092        1.9136256236348272     
   2.9696969696969697        1.9719215009285984     
   3.0303030303030303        2.0279780246603019     
   3.0909090909090908        2.0987160140678176     
   3.1515151515151514        2.1570726898051826     
   3.2121212121212119        2.2236438348617393     
   3.2727272727272729        2.2764824439812439     
   3.3333333333333335        2.3369994306162454     
   3.3939393939393940        2.4031454853450827     
   3.4545454545454546        3.0636331409855599     
   3.5151515151515151        2.5219264075475847     
   3.5757575757575757        3.1163492801080288     
   3.6363636363636362        2.6581327556524399     
   3.6969696969696968        2.7092597722588017     
   3.7575757575757578        2.7683022638432830     
   3.8181818181818183        2.8309688002088329     
   3.8787878787878789        2.8959203303341523     
   3.9393939393939394        2.9424546126395876     
   4.0000000000000000        2.9927256741479118     
   4.0606060606060606        3.0541939808191985     
   4.1212121212121211        3.0996392048574872     
   4.1818181818181817        3.1617403299856290     
   4.2424242424242422        3.2009050897641655     
   4.3030303030303028        3.2546396756825517     
   4.3636363636363633        3.2942327588914284     
   4.4242424242424239        3.3331086173394824     
   4.4848484848484844        3.3778350210994055     
   4.5454545454545459        3.4176518623389671     
   4.6060606060606064        3.4521550698038594     
   4.6666666666666670        3.4748473465998102     
   4.7272727272727275        3.5103880595072314     
   4.7878787878787881        3.5334829834064561     
   4.8484848484848486        2.6990360723201676     
   4.9090909090909092        3.5699172822006933     
   4.9696969696969697        3.6027416078167347     
   5.0303030303030303        3.6143519654589875     
   5.0909090909090908        3.6103324159072510     
   5.1515151515151514        3.6267207648105400     
   5.2121212121212119        3.6156448617247374     
   5.2727272727272725        3.6146004244949324     
   5.3333333333333330        2.9815250062243401     
   5.3939393939393936        3.5965044561034194     
   5.4545454545454541        3.5743501083887104     
   5.5151515151515156        3.5520282128550837     
   5.5757575757575761        3.5390861684858379     
   5.6363636363636367        3.5033869707065017     
   5.6969696969696972        3.4630229824001777     
   5.7575757575757578        3.4210654705532164     
   5.8181818181818183        3.3810269520871077     
   5.8787878787878789        3.3225076041907302     
   5.9393939393939394        3.2704136968517532     
   6.0000000000000000        3.2091532095041977     
