0.000  1.009
0.082  1.055
0.163  1.078
0.245  1.072
0.327  1.038
0.408  0.983
0.490  0.896
0.571  0.787
0.653  0.646
0.735  0.511
0.816 10.000
0.898 10.000
0.980 10.000
1.061 10.000
1.143 10.000
1.224 10.000
1.306 10.000
1.388 10.000
1.469 10.000
1.551 10.000
1.633 -1.019
1.714 -1.070
1.796 -1.084
1.878 -1.070
1.959 -1.038
2.041 -0.954
2.122 -0.828
2.204 -0.668
2.286 -0.444
2.367 -0.185
2.449  0.146
2.531  0.533
2.612  0.964
2.694  1.478
2.776  2.051
2.857  2.691
2.939  3.401
3.020  4.205
3.102  5.084
3.184  6.040
3.265  7.093
3.347  8.238
3.429  9.472
3.510 10.793
3.592 12.235
3.673 13.762
3.755 15.395
3.837 17.152
3.918 19.022
4.000 21.002
